0.022031050032843762
0.01818786911201441
0.7566059296315982
0.8573390562291417
0.908964854574741
0.9212059744376822
0.9276708491686619
0.9518405166563122
0.9473076170517543
0.9521589281326283
0.9510796916890506
0.9547768148290737
0.9435166724519141
0.9608759603071413
0.9503779654428409
0.9452039898538516
0.9442766637904346
0.937472290552479
0.9386146679813305
0.9653352800029741
0.9601236881667178
0.9399144103100964
0.9359662381972362
0.925943635176496
0.9376481120533973
0.9514402539186124
0.9321202798515726
0.9494258898803326
0.9438920345231143
0.9411188363182709
0.9622679099330748
0.9498014671877381
0.949815925763608
0.949297428176231
0.9535774509372861
0.9383031306293967
0.9501712457130008
0.950811250576468
0.9510784499056643
0.9506681054085497
0.9378154786566896
0.9503182007828548
0.9433020161109015
0.9425646169129426
0.9297826865243457
0.9427464517104576
0.942604859889027
0.9429170539216168
0.942958102330026
0.9428356052919716
