0.013298392906740288
0.006476781129690833
0.005143575822119041
0.00750377644292841
0.008011644944680213
0.004511755597938124
0.004652010332760443
0.20292607962666298
0.36240100184773316
0.49485566404974374
0.57187345845974
0.6021399401969758
0.6749709972008545
0.6717558817495279
0.7260847007773297
0.7456828606915613
0.7651056781892706
0.7450708036364118
0.7507603745114015
0.7521391744589231
0.756525968629104
0.7491173197669508
0.7433334855738749
0.743382967841481
0.7417128202003018
0.7646618789454325
0.7621917290569982
0.7649187318740184
0.7682231182602344
0.7816116935042967
0.7586798994032193
0.7729029730700936
0.767996418323544
0.7548023018670004
0.7715967910276984
0.7557126640368532
0.753857642388009
0.7543333599405879
0.7667608283060257
0.7633770967012933
0.748489456729895
0.7583783310308021
0.7629464557976336
0.7522182823979671
0.7594260295531108
0.7586806108609938
0.7554743638667667
0.7635148144899111
0.764326954572953
0.7645569715797557
