# -----------------------------------------------------------
# Anchor Box data for the Sony Detection model
# -----------------------------------------------------------
# Scales
# y,  x,  h,  w
  10, 10, 5, 5,
# Anchor boxes
# y,  x,  h,  w    
  4, 3, 13, 10,
  4, 3, 22, 16,
  4, 10, 13, 10,
  4, 10, 22, 16,
  4, 16, 13, 10,
  4, 16, 22, 16,
  4, 22, 13, 10,
  4, 22, 22, 16,
  4, 29, 13, 10,
  4, 29, 22, 16,
  4, 35, 13, 10,
  4, 35, 22, 16,
  4, 42, 13, 10,
  4, 42, 22, 16,
  4, 48, 13, 10,
  4, 48, 22, 16,
  4, 54, 13, 10,
  4, 54, 22, 16,
  4, 61, 13, 10,
  4, 61, 22, 16,
  4, 67, 13, 10,
  4, 67, 22, 16,
  4, 74, 13, 10,
  4, 74, 22, 16,
  4, 80, 13, 10,
  4, 80, 22, 16,
  4, 86, 13, 10,
  4, 86, 22, 16,
  4, 93, 13, 10,
  4, 93, 22, 16,
  4, 99, 13, 10,
  4, 99, 22, 16,
  4, 106, 13, 10,
  4, 106, 22, 16,
  4, 112, 13, 10,
  4, 112, 22, 16,
  4, 118, 13, 10,
  4, 118, 22, 16,
  4, 125, 13, 10,
  4, 125, 22, 16,
  13, 3, 13, 10,
  13, 3, 22, 16,
  13, 10, 13, 10,
  13, 10, 22, 16,
  13, 16, 13, 10,
  13, 16, 22, 16,
  13, 22, 13, 10,
  13, 22, 22, 16,
  13, 29, 13, 10,
  13, 29, 22, 16,
  13, 35, 13, 10,
  13, 35, 22, 16,
  13, 42, 13, 10,
  13, 42, 22, 16,
  13, 48, 13, 10,
  13, 48, 22, 16,
  13, 54, 13, 10,
  13, 54, 22, 16,
  13, 61, 13, 10,
  13, 61, 22, 16,
  13, 67, 13, 10,
  13, 67, 22, 16,
  13, 74, 13, 10,
  13, 74, 22, 16,
  13, 80, 13, 10,
  13, 80, 22, 16,
  13, 86, 13, 10,
  13, 86, 22, 16,
  13, 93, 13, 10,
  13, 93, 22, 16,
  13, 99, 13, 10,
  13, 99, 22, 16,
  13, 106, 13, 10,
  13, 106, 22, 16,
  13, 112, 13, 10,
  13, 112, 22, 16,
  13, 118, 13, 10,
  13, 118, 22, 16,
  13, 125, 13, 10,
  13, 125, 22, 16,
  21, 3, 13, 10,
  21, 3, 22, 16,
  21, 10, 13, 10,
  21, 10, 22, 16,
  21, 16, 13, 10,
  21, 16, 22, 16,
  21, 22, 13, 10,
  21, 22, 22, 16,
  21, 29, 13, 10,
  21, 29, 22, 16,
  21, 35, 13, 10,
  21, 35, 22, 16,
  21, 42, 13, 10,
  21, 42, 22, 16,
  21, 48, 13, 10,
  21, 48, 22, 16,
  21, 54, 13, 10,
  21, 54, 22, 16,
  21, 61, 13, 10,
  21, 61, 22, 16,
  21, 67, 13, 10,
  21, 67, 22, 16,
  21, 74, 13, 10,
  21, 74, 22, 16,
  21, 80, 13, 10,
  21, 80, 22, 16,
  21, 86, 13, 10,
  21, 86, 22, 16,
  21, 93, 13, 10,
  21, 93, 22, 16,
  21, 99, 13, 10,
  21, 99, 22, 16,
  21, 106, 13, 10,
  21, 106, 22, 16,
  21, 112, 13, 10,
  21, 112, 22, 16,
  21, 118, 13, 10,
  21, 118, 22, 16,
  21, 125, 13, 10,
  21, 125, 22, 16,
  30, 3, 13, 10,
  30, 3, 22, 16,
  30, 10, 13, 10,
  30, 10, 22, 16,
  30, 16, 13, 10,
  30, 16, 22, 16,
  30, 22, 13, 10,
  30, 22, 22, 16,
  30, 29, 13, 10,
  30, 29, 22, 16,
  30, 35, 13, 10,
  30, 35, 22, 16,
  30, 42, 13, 10,
  30, 42, 22, 16,
  30, 48, 13, 10,
  30, 48, 22, 16,
  30, 54, 13, 10,
  30, 54, 22, 16,
  30, 61, 13, 10,
  30, 61, 22, 16,
  30, 67, 13, 10,
  30, 67, 22, 16,
  30, 74, 13, 10,
  30, 74, 22, 16,
  30, 80, 13, 10,
  30, 80, 22, 16,
  30, 86, 13, 10,
  30, 86, 22, 16,
  30, 93, 13, 10,
  30, 93, 22, 16,
  30, 99, 13, 10,
  30, 99, 22, 16,
  30, 106, 13, 10,
  30, 106, 22, 16,
  30, 112, 13, 10,
  30, 112, 22, 16,
  30, 118, 13, 10,
  30, 118, 22, 16,
  30, 125, 13, 10,
  30, 125, 22, 16,
  38, 3, 13, 10,
  38, 3, 22, 16,
  38, 10, 13, 10,
  38, 10, 22, 16,
  38, 16, 13, 10,
  38, 16, 22, 16,
  38, 22, 13, 10,
  38, 22, 22, 16,
  38, 29, 13, 10,
  38, 29, 22, 16,
  38, 35, 13, 10,
  38, 35, 22, 16,
  38, 42, 13, 10,
  38, 42, 22, 16,
  38, 48, 13, 10,
  38, 48, 22, 16,
  38, 54, 13, 10,
  38, 54, 22, 16,
  38, 61, 13, 10,
  38, 61, 22, 16,
  38, 67, 13, 10,
  38, 67, 22, 16,
  38, 74, 13, 10,
  38, 74, 22, 16,
  38, 80, 13, 10,
  38, 80, 22, 16,
  38, 86, 13, 10,
  38, 86, 22, 16,
  38, 93, 13, 10,
  38, 93, 22, 16,
  38, 99, 13, 10,
  38, 99, 22, 16,
  38, 106, 13, 10,
  38, 106, 22, 16,
  38, 112, 13, 10,
  38, 112, 22, 16,
  38, 118, 13, 10,
  38, 118, 22, 16,
  38, 125, 13, 10,
  38, 125, 22, 16,
  47, 3, 13, 10,
  47, 3, 22, 16,
  47, 10, 13, 10,
  47, 10, 22, 16,
  47, 16, 13, 10,
  47, 16, 22, 16,
  47, 22, 13, 10,
  47, 22, 22, 16,
  47, 29, 13, 10,
  47, 29, 22, 16,
  47, 35, 13, 10,
  47, 35, 22, 16,
  47, 42, 13, 10,
  47, 42, 22, 16,
  47, 48, 13, 10,
  47, 48, 22, 16,
  47, 54, 13, 10,
  47, 54, 22, 16,
  47, 61, 13, 10,
  47, 61, 22, 16,
  47, 67, 13, 10,
  47, 67, 22, 16,
  47, 74, 13, 10,
  47, 74, 22, 16,
  47, 80, 13, 10,
  47, 80, 22, 16,
  47, 86, 13, 10,
  47, 86, 22, 16,
  47, 93, 13, 10,
  47, 93, 22, 16,
  47, 99, 13, 10,
  47, 99, 22, 16,
  47, 106, 13, 10,
  47, 106, 22, 16,
  47, 112, 13, 10,
  47, 112, 22, 16,
  47, 118, 13, 10,
  47, 118, 22, 16,
  47, 125, 13, 10,
  47, 125, 22, 16,
  55, 3, 13, 10,
  55, 3, 22, 16,
  55, 10, 13, 10,
  55, 10, 22, 16,
  55, 16, 13, 10,
  55, 16, 22, 16,
  55, 22, 13, 10,
  55, 22, 22, 16,
  55, 29, 13, 10,
  55, 29, 22, 16,
  55, 35, 13, 10,
  55, 35, 22, 16,
  55, 42, 13, 10,
  55, 42, 22, 16,
  55, 48, 13, 10,
  55, 48, 22, 16,
  55, 54, 13, 10,
  55, 54, 22, 16,
  55, 61, 13, 10,
  55, 61, 22, 16,
  55, 67, 13, 10,
  55, 67, 22, 16,
  55, 74, 13, 10,
  55, 74, 22, 16,
  55, 80, 13, 10,
  55, 80, 22, 16,
  55, 86, 13, 10,
  55, 86, 22, 16,
  55, 93, 13, 10,
  55, 93, 22, 16,
  55, 99, 13, 10,
  55, 99, 22, 16,
  55, 106, 13, 10,
  55, 106, 22, 16,
  55, 112, 13, 10,
  55, 112, 22, 16,
  55, 118, 13, 10,
  55, 118, 22, 16,
  55, 125, 13, 10,
  55, 125, 22, 16,
  64, 3, 13, 10,
  64, 3, 22, 16,
  64, 10, 13, 10,
  64, 10, 22, 16,
  64, 16, 13, 10,
  64, 16, 22, 16,
  64, 22, 13, 10,
  64, 22, 22, 16,
  64, 29, 13, 10,
  64, 29, 22, 16,
  64, 35, 13, 10,
  64, 35, 22, 16,
  64, 42, 13, 10,
  64, 42, 22, 16,
  64, 48, 13, 10,
  64, 48, 22, 16,
  64, 54, 13, 10,
  64, 54, 22, 16,
  64, 61, 13, 10,
  64, 61, 22, 16,
  64, 67, 13, 10,
  64, 67, 22, 16,
  64, 74, 13, 10,
  64, 74, 22, 16,
  64, 80, 13, 10,
  64, 80, 22, 16,
  64, 86, 13, 10,
  64, 86, 22, 16,
  64, 93, 13, 10,
  64, 93, 22, 16,
  64, 99, 13, 10,
  64, 99, 22, 16,
  64, 106, 13, 10,
  64, 106, 22, 16,
  64, 112, 13, 10,
  64, 112, 22, 16,
  64, 118, 13, 10,
  64, 118, 22, 16,
  64, 125, 13, 10,
  64, 125, 22, 16,
  73, 3, 13, 10,
  73, 3, 22, 16,
  73, 10, 13, 10,
  73, 10, 22, 16,
  73, 16, 13, 10,
  73, 16, 22, 16,
  73, 22, 13, 10,
  73, 22, 22, 16,
  73, 29, 13, 10,
  73, 29, 22, 16,
  73, 35, 13, 10,
  73, 35, 22, 16,
  73, 42, 13, 10,
  73, 42, 22, 16,
  73, 48, 13, 10,
  73, 48, 22, 16,
  73, 54, 13, 10,
  73, 54, 22, 16,
  73, 61, 13, 10,
  73, 61, 22, 16,
  73, 67, 13, 10,
  73, 67, 22, 16,
  73, 74, 13, 10,
  73, 74, 22, 16,
  73, 80, 13, 10,
  73, 80, 22, 16,
  73, 86, 13, 10,
  73, 86, 22, 16,
  73, 93, 13, 10,
  73, 93, 22, 16,
  73, 99, 13, 10,
  73, 99, 22, 16,
  73, 106, 13, 10,
  73, 106, 22, 16,
  73, 112, 13, 10,
  73, 112, 22, 16,
  73, 118, 13, 10,
  73, 118, 22, 16,
  73, 125, 13, 10,
  73, 125, 22, 16,
  81, 3, 13, 10,
  81, 3, 22, 16,
  81, 10, 13, 10,
  81, 10, 22, 16,
  81, 16, 13, 10,
  81, 16, 22, 16,
  81, 22, 13, 10,
  81, 22, 22, 16,
  81, 29, 13, 10,
  81, 29, 22, 16,
  81, 35, 13, 10,
  81, 35, 22, 16,
  81, 42, 13, 10,
  81, 42, 22, 16,
  81, 48, 13, 10,
  81, 48, 22, 16,
  81, 54, 13, 10,
  81, 54, 22, 16,
  81, 61, 13, 10,
  81, 61, 22, 16,
  81, 67, 13, 10,
  81, 67, 22, 16,
  81, 74, 13, 10,
  81, 74, 22, 16,
  81, 80, 13, 10,
  81, 80, 22, 16,
  81, 86, 13, 10,
  81, 86, 22, 16,
  81, 93, 13, 10,
  81, 93, 22, 16,
  81, 99, 13, 10,
  81, 99, 22, 16,
  81, 106, 13, 10,
  81, 106, 22, 16,
  81, 112, 13, 10,
  81, 112, 22, 16,
  81, 118, 13, 10,
  81, 118, 22, 16,
  81, 125, 13, 10,
  81, 125, 22, 16,
  90, 3, 13, 10,
  90, 3, 22, 16,
  90, 10, 13, 10,
  90, 10, 22, 16,
  90, 16, 13, 10,
  90, 16, 22, 16,
  90, 22, 13, 10,
  90, 22, 22, 16,
  90, 29, 13, 10,
  90, 29, 22, 16,
  90, 35, 13, 10,
  90, 35, 22, 16,
  90, 42, 13, 10,
  90, 42, 22, 16,
  90, 48, 13, 10,
  90, 48, 22, 16,
  90, 54, 13, 10,
  90, 54, 22, 16,
  90, 61, 13, 10,
  90, 61, 22, 16,
  90, 67, 13, 10,
  90, 67, 22, 16,
  90, 74, 13, 10,
  90, 74, 22, 16,
  90, 80, 13, 10,
  90, 80, 22, 16,
  90, 86, 13, 10,
  90, 86, 22, 16,
  90, 93, 13, 10,
  90, 93, 22, 16,
  90, 99, 13, 10,
  90, 99, 22, 16,
  90, 106, 13, 10,
  90, 106, 22, 16,
  90, 112, 13, 10,
  90, 112, 22, 16,
  90, 118, 13, 10,
  90, 118, 22, 16,
  90, 125, 13, 10,
  90, 125, 22, 16,
  98, 3, 13, 10,
  98, 3, 22, 16,
  98, 10, 13, 10,
  98, 10, 22, 16,
  98, 16, 13, 10,
  98, 16, 22, 16,
  98, 22, 13, 10,
  98, 22, 22, 16,
  98, 29, 13, 10,
  98, 29, 22, 16,
  98, 35, 13, 10,
  98, 35, 22, 16,
  98, 42, 13, 10,
  98, 42, 22, 16,
  98, 48, 13, 10,
  98, 48, 22, 16,
  98, 54, 13, 10,
  98, 54, 22, 16,
  98, 61, 13, 10,
  98, 61, 22, 16,
  98, 67, 13, 10,
  98, 67, 22, 16,
  98, 74, 13, 10,
  98, 74, 22, 16,
  98, 80, 13, 10,
  98, 80, 22, 16,
  98, 86, 13, 10,
  98, 86, 22, 16,
  98, 93, 13, 10,
  98, 93, 22, 16,
  98, 99, 13, 10,
  98, 99, 22, 16,
  98, 106, 13, 10,
  98, 106, 22, 16,
  98, 112, 13, 10,
  98, 112, 22, 16,
  98, 118, 13, 10,
  98, 118, 22, 16,
  98, 125, 13, 10,
  98, 125, 22, 16,
  107, 3, 13, 10,
  107, 3, 22, 16,
  107, 10, 13, 10,
  107, 10, 22, 16,
  107, 16, 13, 10,
  107, 16, 22, 16,
  107, 22, 13, 10,
  107, 22, 22, 16,
  107, 29, 13, 10,
  107, 29, 22, 16,
  107, 35, 13, 10,
  107, 35, 22, 16,
  107, 42, 13, 10,
  107, 42, 22, 16,
  107, 48, 13, 10,
  107, 48, 22, 16,
  107, 54, 13, 10,
  107, 54, 22, 16,
  107, 61, 13, 10,
  107, 61, 22, 16,
  107, 67, 13, 10,
  107, 67, 22, 16,
  107, 74, 13, 10,
  107, 74, 22, 16,
  107, 80, 13, 10,
  107, 80, 22, 16,
  107, 86, 13, 10,
  107, 86, 22, 16,
  107, 93, 13, 10,
  107, 93, 22, 16,
  107, 99, 13, 10,
  107, 99, 22, 16,
  107, 106, 13, 10,
  107, 106, 22, 16,
  107, 112, 13, 10,
  107, 112, 22, 16,
  107, 118, 13, 10,
  107, 118, 22, 16,
  107, 125, 13, 10,
  107, 125, 22, 16,
  115, 3, 13, 10,
  115, 3, 22, 16,
  115, 10, 13, 10,
  115, 10, 22, 16,
  115, 16, 13, 10,
  115, 16, 22, 16,
  115, 22, 13, 10,
  115, 22, 22, 16,
  115, 29, 13, 10,
  115, 29, 22, 16,
  115, 35, 13, 10,
  115, 35, 22, 16,
  115, 42, 13, 10,
  115, 42, 22, 16,
  115, 48, 13, 10,
  115, 48, 22, 16,
  115, 54, 13, 10,
  115, 54, 22, 16,
  115, 61, 13, 10,
  115, 61, 22, 16,
  115, 67, 13, 10,
  115, 67, 22, 16,
  115, 74, 13, 10,
  115, 74, 22, 16,
  115, 80, 13, 10,
  115, 80, 22, 16,
  115, 86, 13, 10,
  115, 86, 22, 16,
  115, 93, 13, 10,
  115, 93, 22, 16,
  115, 99, 13, 10,
  115, 99, 22, 16,
  115, 106, 13, 10,
  115, 106, 22, 16,
  115, 112, 13, 10,
  115, 112, 22, 16,
  115, 118, 13, 10,
  115, 118, 22, 16,
  115, 125, 13, 10,
  115, 125, 22, 16,
  124, 3, 13, 10,
  124, 3, 22, 16,
  124, 10, 13, 10,
  124, 10, 22, 16,
  124, 16, 13, 10,
  124, 16, 22, 16,
  124, 22, 13, 10,
  124, 22, 22, 16,
  124, 29, 13, 10,
  124, 29, 22, 16,
  124, 35, 13, 10,
  124, 35, 22, 16,
  124, 42, 13, 10,
  124, 42, 22, 16,
  124, 48, 13, 10,
  124, 48, 22, 16,
  124, 54, 13, 10,
  124, 54, 22, 16,
  124, 61, 13, 10,
  124, 61, 22, 16,
  124, 67, 13, 10,
  124, 67, 22, 16,
  124, 74, 13, 10,
  124, 74, 22, 16,
  124, 80, 13, 10,
  124, 80, 22, 16,
  124, 86, 13, 10,
  124, 86, 22, 16,
  124, 93, 13, 10,
  124, 93, 22, 16,
  124, 99, 13, 10,
  124, 99, 22, 16,
  124, 106, 13, 10,
  124, 106, 22, 16,
  124, 112, 13, 10,
  124, 112, 22, 16,
  124, 118, 13, 10,
  124, 118, 22, 16,
  124, 125, 13, 10,
  124, 125, 22, 16,
  8, 6, 37, 28,
  8, 6, 26, 39,
  8, 6, 52, 20,
  8, 6, 21, 48,
  8, 6, 64, 16,
  8, 6, 47, 35,
  8, 19, 37, 28,
  8, 19, 26, 39,
  8, 19, 52, 20,
  8, 19, 21, 48,
  8, 19, 64, 16,
  8, 19, 47, 35,
  8, 32, 37, 28,
  8, 32, 26, 39,
  8, 32, 52, 20,
  8, 32, 21, 48,
  8, 32, 64, 16,
  8, 32, 47, 35,
  8, 45, 37, 28,
  8, 45, 26, 39,
  8, 45, 52, 20,
  8, 45, 21, 48,
  8, 45, 64, 16,
  8, 45, 47, 35,
  8, 58, 37, 28,
  8, 58, 26, 39,
  8, 58, 52, 20,
  8, 58, 21, 48,
  8, 58, 64, 16,
  8, 58, 47, 35,
  8, 70, 37, 28,
  8, 70, 26, 39,
  8, 70, 52, 20,
  8, 70, 21, 48,
  8, 70, 64, 16,
  8, 70, 47, 35,
  8, 83, 37, 28,
  8, 83, 26, 39,
  8, 83, 52, 20,
  8, 83, 21, 48,
  8, 83, 64, 16,
  8, 83, 47, 35,
  8, 96, 37, 28,
  8, 96, 26, 39,
  8, 96, 52, 20,
  8, 96, 21, 48,
  8, 96, 64, 16,
  8, 96, 47, 35,
  8, 109, 37, 28,
  8, 109, 26, 39,
  8, 109, 52, 20,
  8, 109, 21, 48,
  8, 109, 64, 16,
  8, 109, 47, 35,
  8, 122, 37, 28,
  8, 122, 26, 39,
  8, 122, 52, 20,
  8, 122, 21, 48,
  8, 122, 64, 16,
  8, 122, 47, 35,
  24, 6, 37, 28,
  24, 6, 26, 39,
  24, 6, 52, 20,
  24, 6, 21, 48,
  24, 6, 64, 16,
  24, 6, 47, 35,
  24, 19, 37, 28,
  24, 19, 26, 39,
  24, 19, 52, 20,
  24, 19, 21, 48,
  24, 19, 64, 16,
  24, 19, 47, 35,
  24, 32, 37, 28,
  24, 32, 26, 39,
  24, 32, 52, 20,
  24, 32, 21, 48,
  24, 32, 64, 16,
  24, 32, 47, 35,
  24, 45, 37, 28,
  24, 45, 26, 39,
  24, 45, 52, 20,
  24, 45, 21, 48,
  24, 45, 64, 16,
  24, 45, 47, 35,
  24, 58, 37, 28,
  24, 58, 26, 39,
  24, 58, 52, 20,
  24, 58, 21, 48,
  24, 58, 64, 16,
  24, 58, 47, 35,
  24, 70, 37, 28,
  24, 70, 26, 39,
  24, 70, 52, 20,
  24, 70, 21, 48,
  24, 70, 64, 16,
  24, 70, 47, 35,
  24, 83, 37, 28,
  24, 83, 26, 39,
  24, 83, 52, 20,
  24, 83, 21, 48,
  24, 83, 64, 16,
  24, 83, 47, 35,
  24, 96, 37, 28,
  24, 96, 26, 39,
  24, 96, 52, 20,
  24, 96, 21, 48,
  24, 96, 64, 16,
  24, 96, 47, 35,
  24, 109, 37, 28,
  24, 109, 26, 39,
  24, 109, 52, 20,
  24, 109, 21, 48,
  24, 109, 64, 16,
  24, 109, 47, 35,
  24, 122, 37, 28,
  24, 122, 26, 39,
  24, 122, 52, 20,
  24, 122, 21, 48,
  24, 122, 64, 16,
  24, 122, 47, 35,
  40, 6, 37, 28,
  40, 6, 26, 39,
  40, 6, 52, 20,
  40, 6, 21, 48,
  40, 6, 64, 16,
  40, 6, 47, 35,
  40, 19, 37, 28,
  40, 19, 26, 39,
  40, 19, 52, 20,
  40, 19, 21, 48,
  40, 19, 64, 16,
  40, 19, 47, 35,
  40, 32, 37, 28,
  40, 32, 26, 39,
  40, 32, 52, 20,
  40, 32, 21, 48,
  40, 32, 64, 16,
  40, 32, 47, 35,
  40, 45, 37, 28,
  40, 45, 26, 39,
  40, 45, 52, 20,
  40, 45, 21, 48,
  40, 45, 64, 16,
  40, 45, 47, 35,
  40, 58, 37, 28,
  40, 58, 26, 39,
  40, 58, 52, 20,
  40, 58, 21, 48,
  40, 58, 64, 16,
  40, 58, 47, 35,
  40, 70, 37, 28,
  40, 70, 26, 39,
  40, 70, 52, 20,
  40, 70, 21, 48,
  40, 70, 64, 16,
  40, 70, 47, 35,
  40, 83, 37, 28,
  40, 83, 26, 39,
  40, 83, 52, 20,
  40, 83, 21, 48,
  40, 83, 64, 16,
  40, 83, 47, 35,
  40, 96, 37, 28,
  40, 96, 26, 39,
  40, 96, 52, 20,
  40, 96, 21, 48,
  40, 96, 64, 16,
  40, 96, 47, 35,
  40, 109, 37, 28,
  40, 109, 26, 39,
  40, 109, 52, 20,
  40, 109, 21, 48,
  40, 109, 64, 16,
  40, 109, 47, 35,
  40, 122, 37, 28,
  40, 122, 26, 39,
  40, 122, 52, 20,
  40, 122, 21, 48,
  40, 122, 64, 16,
  40, 122, 47, 35,
  56, 6, 37, 28,
  56, 6, 26, 39,
  56, 6, 52, 20,
  56, 6, 21, 48,
  56, 6, 64, 16,
  56, 6, 47, 35,
  56, 19, 37, 28,
  56, 19, 26, 39,
  56, 19, 52, 20,
  56, 19, 21, 48,
  56, 19, 64, 16,
  56, 19, 47, 35,
  56, 32, 37, 28,
  56, 32, 26, 39,
  56, 32, 52, 20,
  56, 32, 21, 48,
  56, 32, 64, 16,
  56, 32, 47, 35,
  56, 45, 37, 28,
  56, 45, 26, 39,
  56, 45, 52, 20,
  56, 45, 21, 48,
  56, 45, 64, 16,
  56, 45, 47, 35,
  56, 58, 37, 28,
  56, 58, 26, 39,
  56, 58, 52, 20,
  56, 58, 21, 48,
  56, 58, 64, 16,
  56, 58, 47, 35,
  56, 70, 37, 28,
  56, 70, 26, 39,
  56, 70, 52, 20,
  56, 70, 21, 48,
  56, 70, 64, 16,
  56, 70, 47, 35,
  56, 83, 37, 28,
  56, 83, 26, 39,
  56, 83, 52, 20,
  56, 83, 21, 48,
  56, 83, 64, 16,
  56, 83, 47, 35,
  56, 96, 37, 28,
  56, 96, 26, 39,
  56, 96, 52, 20,
  56, 96, 21, 48,
  56, 96, 64, 16,
  56, 96, 47, 35,
  56, 109, 37, 28,
  56, 109, 26, 39,
  56, 109, 52, 20,
  56, 109, 21, 48,
  56, 109, 64, 16,
  56, 109, 47, 35,
  56, 122, 37, 28,
  56, 122, 26, 39,
  56, 122, 52, 20,
  56, 122, 21, 48,
  56, 122, 64, 16,
  56, 122, 47, 35,
  72, 6, 37, 28,
  72, 6, 26, 39,
  72, 6, 52, 20,
  72, 6, 21, 48,
  72, 6, 64, 16,
  72, 6, 47, 35,
  72, 19, 37, 28,
  72, 19, 26, 39,
  72, 19, 52, 20,
  72, 19, 21, 48,
  72, 19, 64, 16,
  72, 19, 47, 35,
  72, 32, 37, 28,
  72, 32, 26, 39,
  72, 32, 52, 20,
  72, 32, 21, 48,
  72, 32, 64, 16,
  72, 32, 47, 35,
  72, 45, 37, 28,
  72, 45, 26, 39,
  72, 45, 52, 20,
  72, 45, 21, 48,
  72, 45, 64, 16,
  72, 45, 47, 35,
  72, 58, 37, 28,
  72, 58, 26, 39,
  72, 58, 52, 20,
  72, 58, 21, 48,
  72, 58, 64, 16,
  72, 58, 47, 35,
  72, 70, 37, 28,
  72, 70, 26, 39,
  72, 70, 52, 20,
  72, 70, 21, 48,
  72, 70, 64, 16,
  72, 70, 47, 35,
  72, 83, 37, 28,
  72, 83, 26, 39,
  72, 83, 52, 20,
  72, 83, 21, 48,
  72, 83, 64, 16,
  72, 83, 47, 35,
  72, 96, 37, 28,
  72, 96, 26, 39,
  72, 96, 52, 20,
  72, 96, 21, 48,
  72, 96, 64, 16,
  72, 96, 47, 35,
  72, 109, 37, 28,
  72, 109, 26, 39,
  72, 109, 52, 20,
  72, 109, 21, 48,
  72, 109, 64, 16,
  72, 109, 47, 35,
  72, 122, 37, 28,
  72, 122, 26, 39,
  72, 122, 52, 20,
  72, 122, 21, 48,
  72, 122, 64, 16,
  72, 122, 47, 35,
  88, 6, 37, 28,
  88, 6, 26, 39,
  88, 6, 52, 20,
  88, 6, 21, 48,
  88, 6, 64, 16,
  88, 6, 47, 35,
  88, 19, 37, 28,
  88, 19, 26, 39,
  88, 19, 52, 20,
  88, 19, 21, 48,
  88, 19, 64, 16,
  88, 19, 47, 35,
  88, 32, 37, 28,
  88, 32, 26, 39,
  88, 32, 52, 20,
  88, 32, 21, 48,
  88, 32, 64, 16,
  88, 32, 47, 35,
  88, 45, 37, 28,
  88, 45, 26, 39,
  88, 45, 52, 20,
  88, 45, 21, 48,
  88, 45, 64, 16,
  88, 45, 47, 35,
  88, 58, 37, 28,
  88, 58, 26, 39,
  88, 58, 52, 20,
  88, 58, 21, 48,
  88, 58, 64, 16,
  88, 58, 47, 35,
  88, 70, 37, 28,
  88, 70, 26, 39,
  88, 70, 52, 20,
  88, 70, 21, 48,
  88, 70, 64, 16,
  88, 70, 47, 35,
  88, 83, 37, 28,
  88, 83, 26, 39,
  88, 83, 52, 20,
  88, 83, 21, 48,
  88, 83, 64, 16,
  88, 83, 47, 35,
  88, 96, 37, 28,
  88, 96, 26, 39,
  88, 96, 52, 20,
  88, 96, 21, 48,
  88, 96, 64, 16,
  88, 96, 47, 35,
  88, 109, 37, 28,
  88, 109, 26, 39,
  88, 109, 52, 20,
  88, 109, 21, 48,
  88, 109, 64, 16,
  88, 109, 47, 35,
  88, 122, 37, 28,
  88, 122, 26, 39,
  88, 122, 52, 20,
  88, 122, 21, 48,
  88, 122, 64, 16,
  88, 122, 47, 35,
  104, 6, 37, 28,
  104, 6, 26, 39,
  104, 6, 52, 20,
  104, 6, 21, 48,
  104, 6, 64, 16,
  104, 6, 47, 35,
  104, 19, 37, 28,
  104, 19, 26, 39,
  104, 19, 52, 20,
  104, 19, 21, 48,
  104, 19, 64, 16,
  104, 19, 47, 35,
  104, 32, 37, 28,
  104, 32, 26, 39,
  104, 32, 52, 20,
  104, 32, 21, 48,
  104, 32, 64, 16,
  104, 32, 47, 35,
  104, 45, 37, 28,
  104, 45, 26, 39,
  104, 45, 52, 20,
  104, 45, 21, 48,
  104, 45, 64, 16,
  104, 45, 47, 35,
  104, 58, 37, 28,
  104, 58, 26, 39,
  104, 58, 52, 20,
  104, 58, 21, 48,
  104, 58, 64, 16,
  104, 58, 47, 35,
  104, 70, 37, 28,
  104, 70, 26, 39,
  104, 70, 52, 20,
  104, 70, 21, 48,
  104, 70, 64, 16,
  104, 70, 47, 35,
  104, 83, 37, 28,
  104, 83, 26, 39,
  104, 83, 52, 20,
  104, 83, 21, 48,
  104, 83, 64, 16,
  104, 83, 47, 35,
  104, 96, 37, 28,
  104, 96, 26, 39,
  104, 96, 52, 20,
  104, 96, 21, 48,
  104, 96, 64, 16,
  104, 96, 47, 35,
  104, 109, 37, 28,
  104, 109, 26, 39,
  104, 109, 52, 20,
  104, 109, 21, 48,
  104, 109, 64, 16,
  104, 109, 47, 35,
  104, 122, 37, 28,
  104, 122, 26, 39,
  104, 122, 52, 20,
  104, 122, 21, 48,
  104, 122, 64, 16,
  104, 122, 47, 35,
  120, 6, 37, 28,
  120, 6, 26, 39,
  120, 6, 52, 20,
  120, 6, 21, 48,
  120, 6, 64, 16,
  120, 6, 47, 35,
  120, 19, 37, 28,
  120, 19, 26, 39,
  120, 19, 52, 20,
  120, 19, 21, 48,
  120, 19, 64, 16,
  120, 19, 47, 35,
  120, 32, 37, 28,
  120, 32, 26, 39,
  120, 32, 52, 20,
  120, 32, 21, 48,
  120, 32, 64, 16,
  120, 32, 47, 35,
  120, 45, 37, 28,
  120, 45, 26, 39,
  120, 45, 52, 20,
  120, 45, 21, 48,
  120, 45, 64, 16,
  120, 45, 47, 35,
  120, 58, 37, 28,
  120, 58, 26, 39,
  120, 58, 52, 20,
  120, 58, 21, 48,
  120, 58, 64, 16,
  120, 58, 47, 35,
  120, 70, 37, 28,
  120, 70, 26, 39,
  120, 70, 52, 20,
  120, 70, 21, 48,
  120, 70, 64, 16,
  120, 70, 47, 35,
  120, 83, 37, 28,
  120, 83, 26, 39,
  120, 83, 52, 20,
  120, 83, 21, 48,
  120, 83, 64, 16,
  120, 83, 47, 35,
  120, 96, 37, 28,
  120, 96, 26, 39,
  120, 96, 52, 20,
  120, 96, 21, 48,
  120, 96, 64, 16,
  120, 96, 47, 35,
  120, 109, 37, 28,
  120, 109, 26, 39,
  120, 109, 52, 20,
  120, 109, 21, 48,
  120, 109, 64, 16,
  120, 109, 47, 35,
  120, 122, 37, 28,
  120, 122, 26, 39,
  120, 122, 52, 20,
  120, 122, 21, 48,
  120, 122, 64, 16,
  120, 122, 47, 35,
  16, 13, 61, 46,
  16, 13, 43, 64,
  16, 13, 86, 32,
  16, 13, 35, 79,
  16, 13, 105, 26,
  16, 13, 72, 54,
  16, 38, 61, 46,
  16, 38, 43, 64,
  16, 38, 86, 32,
  16, 38, 35, 79,
  16, 38, 105, 26,
  16, 38, 72, 54,
  16, 64, 61, 46,
  16, 64, 43, 64,
  16, 64, 86, 32,
  16, 64, 35, 79,
  16, 64, 105, 26,
  16, 64, 72, 54,
  16, 90, 61, 46,
  16, 90, 43, 64,
  16, 90, 86, 32,
  16, 90, 35, 79,
  16, 90, 105, 26,
  16, 90, 72, 54,
  16, 115, 61, 46,
  16, 115, 43, 64,
  16, 115, 86, 32,
  16, 115, 35, 79,
  16, 115, 105, 26,
  16, 115, 72, 54,
  48, 13, 61, 46,
  48, 13, 43, 64,
  48, 13, 86, 32,
  48, 13, 35, 79,
  48, 13, 105, 26,
  48, 13, 72, 54,
  48, 38, 61, 46,
  48, 38, 43, 64,
  48, 38, 86, 32,
  48, 38, 35, 79,
  48, 38, 105, 26,
  48, 38, 72, 54,
  48, 64, 61, 46,
  48, 64, 43, 64,
  48, 64, 86, 32,
  48, 64, 35, 79,
  48, 64, 105, 26,
  48, 64, 72, 54,
  48, 90, 61, 46,
  48, 90, 43, 64,
  48, 90, 86, 32,
  48, 90, 35, 79,
  48, 90, 105, 26,
  48, 90, 72, 54,
  48, 115, 61, 46,
  48, 115, 43, 64,
  48, 115, 86, 32,
  48, 115, 35, 79,
  48, 115, 105, 26,
  48, 115, 72, 54,
  80, 13, 61, 46,
  80, 13, 43, 64,
  80, 13, 86, 32,
  80, 13, 35, 79,
  80, 13, 105, 26,
  80, 13, 72, 54,
  80, 38, 61, 46,
  80, 38, 43, 64,
  80, 38, 86, 32,
  80, 38, 35, 79,
  80, 38, 105, 26,
  80, 38, 72, 54,
  80, 64, 61, 46,
  80, 64, 43, 64,
  80, 64, 86, 32,
  80, 64, 35, 79,
  80, 64, 105, 26,
  80, 64, 72, 54,
  80, 90, 61, 46,
  80, 90, 43, 64,
  80, 90, 86, 32,
  80, 90, 35, 79,
  80, 90, 105, 26,
  80, 90, 72, 54,
  80, 115, 61, 46,
  80, 115, 43, 64,
  80, 115, 86, 32,
  80, 115, 35, 79,
  80, 115, 105, 26,
  80, 115, 72, 54,
  112, 13, 61, 46,
  112, 13, 43, 64,
  112, 13, 86, 32,
  112, 13, 35, 79,
  112, 13, 105, 26,
  112, 13, 72, 54,
  112, 38, 61, 46,
  112, 38, 43, 64,
  112, 38, 86, 32,
  112, 38, 35, 79,
  112, 38, 105, 26,
  112, 38, 72, 54,
  112, 64, 61, 46,
  112, 64, 43, 64,
  112, 64, 86, 32,
  112, 64, 35, 79,
  112, 64, 105, 26,
  112, 64, 72, 54,
  112, 90, 61, 46,
  112, 90, 43, 64,
  112, 90, 86, 32,
  112, 90, 35, 79,
  112, 90, 105, 26,
  112, 90, 72, 54,
  112, 115, 61, 46,
  112, 115, 43, 64,
  112, 115, 86, 32,
  112, 115, 35, 79,
  112, 115, 105, 26,
  112, 115, 72, 54,
  32, 21, 85, 64,
  32, 21, 60, 90,
  32, 21, 120, 45,
  32, 21, 49, 110,
  32, 21, 147, 37,
  32, 21, 96, 72,
  32, 64, 85, 64,
  32, 64, 60, 90,
  32, 64, 120, 45,
  32, 64, 49, 110,
  32, 64, 147, 37,
  32, 64, 96, 72,
  32, 107, 85, 64,
  32, 107, 60, 90,
  32, 107, 120, 45,
  32, 107, 49, 110,
  32, 107, 147, 37,
  32, 107, 96, 72,
  96, 21, 85, 64,
  96, 21, 60, 90,
  96, 21, 120, 45,
  96, 21, 49, 110,
  96, 21, 147, 37,
  96, 21, 96, 72,
  96, 64, 85, 64,
  96, 64, 60, 90,
  96, 64, 120, 45,
  96, 64, 49, 110,
  96, 64, 147, 37,
  96, 64, 96, 72,
  96, 107, 85, 64,
  96, 107, 60, 90,
  96, 107, 120, 45,
  96, 107, 49, 110,
  96, 107, 147, 37,
  96, 107, 96, 72,
  64, 64, 109, 82,
  64, 64, 77, 115,
  64, 64, 154, 58,
  64, 64, 63, 141,
  64, 64, 188, 47,
  64, 64, 118, 89,
