0.006751331640616307
0.006638714605619412
0.00458141074794795
0.00349782373605451
0.004448051647202715
0.14756079685118512
0.3002297260976993
0.39959575124209906
0.5114578852034554
0.6018767952386973
0.637803693011312
0.647224079328847
0.6719808386659065
0.6574618487857264
0.6704158927116677
0.7048058270596288
0.6979332557155414
0.6719008327585032
0.7052241803451726
0.7091353026150102
0.7093616732380468
0.6807578387547892
0.6825849965954032
0.685533190190107
0.6968420502479766
0.6882181311602824
0.6949264228390026
0.6857917719909044
0.6868322258731545
0.6824371006255813
0.6871831619931721
0.676913567406838
0.6750322871652463
0.6822851591775552
0.6897152003835616
0.679270089102517
0.6825020479561117
0.6768160501294344
0.6741671667720653
0.6835340313105682
0.6684416577348445
0.6706359935247621
0.6728483376367307
0.6731643619409098
0.671959303907494
0.6711846424501973
0.6745264412454945
0.6755356455332158
0.6752219487148623
0.6758144436942137
