0 0x38e14 1 61 81 1 162 19764
1 0x2cd64 1 60 80 8 648 39528
2 0x2a7e4 1 30 40 8 320 9600
3 0x34014 1 30 40 8 328 10168
4 0x38dc5 1 61 84 1 162 19764
5 0x2531c 1 60 83 8 664 40504
6 0x3415c 1 30 41 8 328 9840
7 0x2c99c 1 30 41 8 328 10168
8 0x368be 1 64 81 1 162 19764
9 0x251dc 1 63 80 8 648 40824
10 0x3410c 1 31 40 8 320 9920
11 0x2c99c 1 31 40 8 328 10168
12 0x3686f 1 64 84 1 162 19764
13 0x24dec 1 63 83 8 664 41832
14 0x38d48 1 31 41 8 328 10168
15 0x36590 1 31 41 8 328 10168
16 0x2f164 1 30 40 16 672 20160
17 0x38c58 1 30 40 8 336 10752
18 0x34000 1 30 40 16 640 19200
19 0x31a80 1 30 40 8 320 9600
19 0x38c58 1 30 40 8 336 10752
20 0x36258 1 30 40 8 336 10752
21 0x31600 1 30 40 16 640 19200
22 0x38f80 1 30 40 8 320 9600
22 0x36258 1 30 40 8 336 10752
23 0x33858 1 30 40 8 336 10752
24 0x36a00 1 30 40 16 640 19200
25 0x31180 1 30 40 8 320 9600
25 0x33858 1 30 40 8 336 10752
26 0x38da8 1 30 40 8 336 10080
27 0x33c50 1 30 40 16 672 21504
28 0x2ecc0 1 30 40 16 656 19680
29 0x36590 1 30 40 16 656 20336
30 0x33c70 1 15 20 32 704 10560
31 0x39418 1 15 20 24 528 8976
32 0x375d0 1 15 20 24 480 7200
33 0x359b0 1 15 20 24 480 7200
33 0x39418 1 15 20 24 528 8976
34 0x338c8 1 15 20 24 528 8976
35 0x398e0 1 15 20 24 480 7200
36 0x37cc0 1 15 20 24 480 7200
36 0x338c8 1 15 20 24 528 8976
37 0x35bd8 1 15 20 24 528 8976
38 0x398e0 1 15 20 24 480 7200
39 0x37cc0 1 15 20 24 480 7200
39 0x35bd8 1 15 20 24 528 8976
40 0x33ad8 1 15 20 24 528 7920
41 0x37330 1 15 20 48 1056 17952
42 0x33130 1 15 20 48 1056 15840
43 0x2d940 1 15 20 64 1408 23936
44 0x39d40 1 8 10 64 768 6144
45 0x38c48 1 8 10 40 480 4800
46 0x37140 1 8 10 80 800 6400
47 0x3a880 1 8 10 40 400 3200
47 0x38c48 1 8 10 40 480 4800
48 0x37988 1 8 10 40 480 4800
49 0x39c00 1 8 10 80 800 6400
50 0x38f80 1 8 10 40 400 3200
50 0x37988 1 8 10 40 480 4800
51 0x3a628 1 8 10 40 480 3840
52 0x38490 1 8 10 80 960 9600
53 0x362d0 1 8 10 80 960 7680
54 0x39390 1 8 10 80 960 9600
55 0x38710 1 4 5 80 560 2240
56 0x37c20 1 4 5 80 560 3360
57 0x38cb0 1 2 3 80 400 800
58 0x388e0 1 2 3 64 320 1280
59 0x38f00 1 1 1 64 192 192
60 0x2d940 1 15 20 64 1408 23936
61 0x2d940 1 15 20 64 1408 23936
62 0x39390 1 8 10 80 960 9600
63 0x39390 1 8 10 80 960 9600
64 0x37c20 1 4 5 80 560 3360
65 0x37c20 1 4 5 80 560 3360
66 0x388e0 1 2 3 64 320 1280
67 0x388e0 1 2 3 64 320 1280
68 0x38d80 1 1 1 64 192 576
69 0x38d80 1 1 1 64 192 576
70 0x28880 1 15 20 64 1280 19200
71 0x39ba0 1 15 20 8 160 2400
72 0x23d80 1 15 20 64 1280 19200
73 0x396f0 1 15 20 4 80 1200
74 0x360a0 1 8 10 80 800 6400
75 0x38f70 1 8 10 24 240 1920
76 0x347a0 1 8 10 80 800 6400
77 0x38bb0 1 8 10 12 120 960
78 0x3aec0 1 4 5 80 400 1600
79 0x389d0 1 4 5 24 120 480
80 0x3a880 1 4 5 80 400 1600
81 0x3b410 1 4 5 12 60 240
82 0x3a700 1 2 3 64 192 384
83 0x3b380 1 2 3 24 72 144
84 0x3a580 1 2 3 64 192 384
85 0x3b338 1 2 3 12 36 72
86 0x3a540 1 1 1 64 64 64
87 0x3b320 1 1 1 24 24 24
88 0x39ba0 1 600 1 4 4 2400
88 0x38f70 1 480 1 4 4 1920
88 0x389d0 1 120 1 4 4 480
88 0x3b380 1 36 1 4 4 144
88 0x3b320 1 6 1 4 4 24
89 0x37668 1 1242 1 4 4 4968
90 0x3a500 1 1 1 64 64 64
91 0x3b404 1 1 1 12 12 12
92 0x396f0 1 600 2 1 2 1200
92 0x38bb0 1 480 2 1 2 960
92 0x3b410 1 120 2 1 2 240
92 0x3b338 1 36 2 1 2 72
92 0x3b404 1 6 2 1 2 12
93 0x3a984 1 1242 2 1 2 2484
94 0x37668 1 1242 4 1 4 4968
94 0x39fd1 1 1242 1 1 2 2484