  6, 6, 12, 12,
  7, 7, 14, 14,
  6, 12, 12, 16,
  7, 12, 14, 21,
  6, 20, 12, 16,
  7, 20, 14, 21,
  6, 28, 12, 16,
  7, 28, 14, 21,
  6, 36, 12, 16,
  7, 36, 14, 21,
  6, 44, 12, 16,
  7, 44, 14, 21,
  6, 52, 12, 16,
  7, 52, 14, 21,
  6, 60, 12, 16,
  7, 60, 14, 21,
  6, 68, 12, 16,
  7, 68, 14, 21,
  6, 76, 12, 16,
  7, 76, 14, 21,
  6, 84, 12, 16,
  7, 84, 14, 21,
  6, 92, 12, 16,
  7, 92, 14, 21,
  6, 100, 12, 16,
  7, 100, 14, 21,
  6, 108, 12, 16,
  7, 108, 14, 21,
  6, 116, 12, 16,
  7, 116, 14, 21,
  6, 124, 12, 16,
  7, 124, 14, 21,
  6, 132, 12, 16,
  7, 132, 14, 21,
  6, 140, 12, 16,
  7, 140, 14, 21,
  6, 148, 12, 16,
  7, 148, 14, 21,
  6, 154, 12, 12,
  7, 152, 14, 14,
  12, 6, 16, 12,
  12, 7, 21, 14,
  12, 12, 16, 16,
  12, 12, 21, 21,
  12, 20, 16, 16,
  12, 20, 21, 21,
  12, 28, 16, 16,
  12, 28, 21, 21,
  12, 36, 16, 16,
  12, 36, 21, 21,
  12, 44, 16, 16,
  12, 44, 21, 21,
  12, 52, 16, 16,
  12, 52, 21, 21,
  12, 60, 16, 16,
  12, 60, 21, 21,
  12, 68, 16, 16,
  12, 68, 21, 21,
  12, 76, 16, 16,
  12, 76, 21, 21,
  12, 84, 16, 16,
  12, 84, 21, 21,
  12, 92, 16, 16,
  12, 92, 21, 21,
  12, 100, 16, 16,
  12, 100, 21, 21,
  12, 108, 16, 16,
  12, 108, 21, 21,
  12, 116, 16, 16,
  12, 116, 21, 21,
  12, 124, 16, 16,
  12, 124, 21, 21,
  12, 132, 16, 16,
  12, 132, 21, 21,
  12, 140, 16, 16,
  12, 140, 21, 21,
  12, 148, 16, 16,
  12, 148, 21, 21,
  12, 154, 16, 12,
  12, 152, 21, 14,
  20, 6, 16, 12,
  20, 7, 21, 14,
  20, 12, 16, 16,
  20, 12, 21, 21,
  20, 20, 16, 16,
  20, 20, 21, 21,
  20, 28, 16, 16,
  20, 28, 21, 21,
  20, 36, 16, 16,
  20, 36, 21, 21,
  20, 44, 16, 16,
  20, 44, 21, 21,
  20, 52, 16, 16,
  20, 52, 21, 21,
  20, 60, 16, 16,
  20, 60, 21, 21,
  20, 68, 16, 16,
  20, 68, 21, 21,
  20, 76, 16, 16,
  20, 76, 21, 21,
  20, 84, 16, 16,
  20, 84, 21, 21,
  20, 92, 16, 16,
  20, 92, 21, 21,
  20, 100, 16, 16,
  20, 100, 21, 21,
  20, 108, 16, 16,
  20, 108, 21, 21,
  20, 116, 16, 16,
  20, 116, 21, 21,
  20, 124, 16, 16,
  20, 124, 21, 21,
  20, 132, 16, 16,
  20, 132, 21, 21,
  20, 140, 16, 16,
  20, 140, 21, 21,
  20, 148, 16, 16,
  20, 148, 21, 21,
  20, 154, 16, 12,
  20, 152, 21, 14,
  28, 6, 16, 12,
  28, 7, 21, 14,
  28, 12, 16, 16,
  28, 12, 21, 21,
  28, 20, 16, 16,
  28, 20, 21, 21,
  28, 28, 16, 16,
  28, 28, 21, 21,
  28, 36, 16, 16,
  28, 36, 21, 21,
  28, 44, 16, 16,
  28, 44, 21, 21,
  28, 52, 16, 16,
  28, 52, 21, 21,
  28, 60, 16, 16,
  28, 60, 21, 21,
  28, 68, 16, 16,
  28, 68, 21, 21,
  28, 76, 16, 16,
  28, 76, 21, 21,
  28, 84, 16, 16,
  28, 84, 21, 21,
  28, 92, 16, 16,
  28, 92, 21, 21,
  28, 100, 16, 16,
  28, 100, 21, 21,
  28, 108, 16, 16,
  28, 108, 21, 21,
  28, 116, 16, 16,
  28, 116, 21, 21,
  28, 124, 16, 16,
  28, 124, 21, 21,
  28, 132, 16, 16,
  28, 132, 21, 21,
  28, 140, 16, 16,
  28, 140, 21, 21,
  28, 148, 16, 16,
  28, 148, 21, 21,
  28, 154, 16, 12,
  28, 152, 21, 14,
  36, 6, 16, 12,
  36, 7, 21, 14,
  36, 12, 16, 16,
  36, 12, 21, 21,
  36, 20, 16, 16,
  36, 20, 21, 21,
  36, 28, 16, 16,
  36, 28, 21, 21,
  36, 36, 16, 16,
  36, 36, 21, 21,
  36, 44, 16, 16,
  36, 44, 21, 21,
  36, 52, 16, 16,
  36, 52, 21, 21,
  36, 60, 16, 16,
  36, 60, 21, 21,
  36, 68, 16, 16,
  36, 68, 21, 21,
  36, 76, 16, 16,
  36, 76, 21, 21,
  36, 84, 16, 16,
  36, 84, 21, 21,
  36, 92, 16, 16,
  36, 92, 21, 21,
  36, 100, 16, 16,
  36, 100, 21, 21,
  36, 108, 16, 16,
  36, 108, 21, 21,
  36, 116, 16, 16,
  36, 116, 21, 21,
  36, 124, 16, 16,
  36, 124, 21, 21,
  36, 132, 16, 16,
  36, 132, 21, 21,
  36, 140, 16, 16,
  36, 140, 21, 21,
  36, 148, 16, 16,
  36, 148, 21, 21,
  36, 154, 16, 12,
  36, 152, 21, 14,
  44, 6, 16, 12,
  44, 7, 21, 14,
  44, 12, 16, 16,
  44, 12, 21, 21,
  44, 20, 16, 16,
  44, 20, 21, 21,
  44, 28, 16, 16,
  44, 28, 21, 21,
  44, 36, 16, 16,
  44, 36, 21, 21,
  44, 44, 16, 16,
  44, 44, 21, 21,
  44, 52, 16, 16,
  44, 52, 21, 21,
  44, 60, 16, 16,
  44, 60, 21, 21,
  44, 68, 16, 16,
  44, 68, 21, 21,
  44, 76, 16, 16,
  44, 76, 21, 21,
  44, 84, 16, 16,
  44, 84, 21, 21,
  44, 92, 16, 16,
  44, 92, 21, 21,
  44, 100, 16, 16,
  44, 100, 21, 21,
  44, 108, 16, 16,
  44, 108, 21, 21,
  44, 116, 16, 16,
  44, 116, 21, 21,
  44, 124, 16, 16,
  44, 124, 21, 21,
  44, 132, 16, 16,
  44, 132, 21, 21,
  44, 140, 16, 16,
  44, 140, 21, 21,
  44, 148, 16, 16,
  44, 148, 21, 21,
  44, 154, 16, 12,
  44, 152, 21, 14,
  52, 6, 16, 12,
  52, 7, 21, 14,
  52, 12, 16, 16,
  52, 12, 21, 21,
  52, 20, 16, 16,
  52, 20, 21, 21,
  52, 28, 16, 16,
  52, 28, 21, 21,
  52, 36, 16, 16,
  52, 36, 21, 21,
  52, 44, 16, 16,
  52, 44, 21, 21,
  52, 52, 16, 16,
  52, 52, 21, 21,
  52, 60, 16, 16,
  52, 60, 21, 21,
  52, 68, 16, 16,
  52, 68, 21, 21,
  52, 76, 16, 16,
  52, 76, 21, 21,
  52, 84, 16, 16,
  52, 84, 21, 21,
  52, 92, 16, 16,
  52, 92, 21, 21,
  52, 100, 16, 16,
  52, 100, 21, 21,
  52, 108, 16, 16,
  52, 108, 21, 21,
  52, 116, 16, 16,
  52, 116, 21, 21,
  52, 124, 16, 16,
  52, 124, 21, 21,
  52, 132, 16, 16,
  52, 132, 21, 21,
  52, 140, 16, 16,
  52, 140, 21, 21,
  52, 148, 16, 16,
  52, 148, 21, 21,
  52, 154, 16, 12,
  52, 152, 21, 14,
  60, 6, 16, 12,
  60, 7, 21, 14,
  60, 12, 16, 16,
  60, 12, 21, 21,
  60, 20, 16, 16,
  60, 20, 21, 21,
  60, 28, 16, 16,
  60, 28, 21, 21,
  60, 36, 16, 16,
  60, 36, 21, 21,
  60, 44, 16, 16,
  60, 44, 21, 21,
  60, 52, 16, 16,
  60, 52, 21, 21,
  60, 60, 16, 16,
  60, 60, 21, 21,
  60, 68, 16, 16,
  60, 68, 21, 21,
  60, 76, 16, 16,
  60, 76, 21, 21,
  60, 84, 16, 16,
  60, 84, 21, 21,
  60, 92, 16, 16,
  60, 92, 21, 21,
  60, 100, 16, 16,
  60, 100, 21, 21,
  60, 108, 16, 16,
  60, 108, 21, 21,
  60, 116, 16, 16,
  60, 116, 21, 21,
  60, 124, 16, 16,
  60, 124, 21, 21,
  60, 132, 16, 16,
  60, 132, 21, 21,
  60, 140, 16, 16,
  60, 140, 21, 21,
  60, 148, 16, 16,
  60, 148, 21, 21,
  60, 154, 16, 12,
  60, 152, 21, 14,
  68, 6, 16, 12,
  68, 7, 21, 14,
  68, 12, 16, 16,
  68, 12, 21, 21,
  68, 20, 16, 16,
  68, 20, 21, 21,
  68, 28, 16, 16,
  68, 28, 21, 21,
  68, 36, 16, 16,
  68, 36, 21, 21,
  68, 44, 16, 16,
  68, 44, 21, 21,
  68, 52, 16, 16,
  68, 52, 21, 21,
  68, 60, 16, 16,
  68, 60, 21, 21,
  68, 68, 16, 16,
  68, 68, 21, 21,
  68, 76, 16, 16,
  68, 76, 21, 21,
  68, 84, 16, 16,
  68, 84, 21, 21,
  68, 92, 16, 16,
  68, 92, 21, 21,
  68, 100, 16, 16,
  68, 100, 21, 21,
  68, 108, 16, 16,
  68, 108, 21, 21,
  68, 116, 16, 16,
  68, 116, 21, 21,
  68, 124, 16, 16,
  68, 124, 21, 21,
  68, 132, 16, 16,
  68, 132, 21, 21,
  68, 140, 16, 16,
  68, 140, 21, 21,
  68, 148, 16, 16,
  68, 148, 21, 21,
  68, 154, 16, 12,
  68, 152, 21, 14,
  76, 6, 16, 12,
  76, 7, 21, 14,
  76, 12, 16, 16,
  76, 12, 21, 21,
  76, 20, 16, 16,
  76, 20, 21, 21,
  76, 28, 16, 16,
  76, 28, 21, 21,
  76, 36, 16, 16,
  76, 36, 21, 21,
  76, 44, 16, 16,
  76, 44, 21, 21,
  76, 52, 16, 16,
  76, 52, 21, 21,
  76, 60, 16, 16,
  76, 60, 21, 21,
  76, 68, 16, 16,
  76, 68, 21, 21,
  76, 76, 16, 16,
  76, 76, 21, 21,
  76, 84, 16, 16,
  76, 84, 21, 21,
  76, 92, 16, 16,
  76, 92, 21, 21,
  76, 100, 16, 16,
  76, 100, 21, 21,
  76, 108, 16, 16,
  76, 108, 21, 21,
  76, 116, 16, 16,
  76, 116, 21, 21,
  76, 124, 16, 16,
  76, 124, 21, 21,
  76, 132, 16, 16,
  76, 132, 21, 21,
  76, 140, 16, 16,
  76, 140, 21, 21,
  76, 148, 16, 16,
  76, 148, 21, 21,
  76, 154, 16, 12,
  76, 152, 21, 14,
  84, 6, 16, 12,
  84, 7, 21, 14,
  84, 12, 16, 16,
  84, 12, 21, 21,
  84, 20, 16, 16,
  84, 20, 21, 21,
  84, 28, 16, 16,
  84, 28, 21, 21,
  84, 36, 16, 16,
  84, 36, 21, 21,
  84, 44, 16, 16,
  84, 44, 21, 21,
  84, 52, 16, 16,
  84, 52, 21, 21,
  84, 60, 16, 16,
  84, 60, 21, 21,
  84, 68, 16, 16,
  84, 68, 21, 21,
  84, 76, 16, 16,
  84, 76, 21, 21,
  84, 84, 16, 16,
  84, 84, 21, 21,
  84, 92, 16, 16,
  84, 92, 21, 21,
  84, 100, 16, 16,
  84, 100, 21, 21,
  84, 108, 16, 16,
  84, 108, 21, 21,
  84, 116, 16, 16,
  84, 116, 21, 21,
  84, 124, 16, 16,
  84, 124, 21, 21,
  84, 132, 16, 16,
  84, 132, 21, 21,
  84, 140, 16, 16,
  84, 140, 21, 21,
  84, 148, 16, 16,
  84, 148, 21, 21,
  84, 154, 16, 12,
  84, 152, 21, 14,
  92, 6, 16, 12,
  92, 7, 21, 14,
  92, 12, 16, 16,
  92, 12, 21, 21,
  92, 20, 16, 16,
  92, 20, 21, 21,
  92, 28, 16, 16,
  92, 28, 21, 21,
  92, 36, 16, 16,
  92, 36, 21, 21,
  92, 44, 16, 16,
  92, 44, 21, 21,
  92, 52, 16, 16,
  92, 52, 21, 21,
  92, 60, 16, 16,
  92, 60, 21, 21,
  92, 68, 16, 16,
  92, 68, 21, 21,
  92, 76, 16, 16,
  92, 76, 21, 21,
  92, 84, 16, 16,
  92, 84, 21, 21,
  92, 92, 16, 16,
  92, 92, 21, 21,
  92, 100, 16, 16,
  92, 100, 21, 21,
  92, 108, 16, 16,
  92, 108, 21, 21,
  92, 116, 16, 16,
  92, 116, 21, 21,
  92, 124, 16, 16,
  92, 124, 21, 21,
  92, 132, 16, 16,
  92, 132, 21, 21,
  92, 140, 16, 16,
  92, 140, 21, 21,
  92, 148, 16, 16,
  92, 148, 21, 21,
  92, 154, 16, 12,
  92, 152, 21, 14,
  100, 6, 16, 12,
  100, 7, 21, 14,
  100, 12, 16, 16,
  100, 12, 21, 21,
  100, 20, 16, 16,
  100, 20, 21, 21,
  100, 28, 16, 16,
  100, 28, 21, 21,
  100, 36, 16, 16,
  100, 36, 21, 21,
  100, 44, 16, 16,
  100, 44, 21, 21,
  100, 52, 16, 16,
  100, 52, 21, 21,
  100, 60, 16, 16,
  100, 60, 21, 21,
  100, 68, 16, 16,
  100, 68, 21, 21,
  100, 76, 16, 16,
  100, 76, 21, 21,
  100, 84, 16, 16,
  100, 84, 21, 21,
  100, 92, 16, 16,
  100, 92, 21, 21,
  100, 100, 16, 16,
  100, 100, 21, 21,
  100, 108, 16, 16,
  100, 108, 21, 21,
  100, 116, 16, 16,
  100, 116, 21, 21,
  100, 124, 16, 16,
  100, 124, 21, 21,
  100, 132, 16, 16,
  100, 132, 21, 21,
  100, 140, 16, 16,
  100, 140, 21, 21,
  100, 148, 16, 16,
  100, 148, 21, 21,
  100, 154, 16, 12,
  100, 152, 21, 14,
  108, 6, 16, 12,
  108, 7, 21, 14,
  108, 12, 16, 16,
  108, 12, 21, 21,
  108, 20, 16, 16,
  108, 20, 21, 21,
  108, 28, 16, 16,
  108, 28, 21, 21,
  108, 36, 16, 16,
  108, 36, 21, 21,
  108, 44, 16, 16,
  108, 44, 21, 21,
  108, 52, 16, 16,
  108, 52, 21, 21,
  108, 60, 16, 16,
  108, 60, 21, 21,
  108, 68, 16, 16,
  108, 68, 21, 21,
  108, 76, 16, 16,
  108, 76, 21, 21,
  108, 84, 16, 16,
  108, 84, 21, 21,
  108, 92, 16, 16,
  108, 92, 21, 21,
  108, 100, 16, 16,
  108, 100, 21, 21,
  108, 108, 16, 16,
  108, 108, 21, 21,
  108, 116, 16, 16,
  108, 116, 21, 21,
  108, 124, 16, 16,
  108, 124, 21, 21,
  108, 132, 16, 16,
  108, 132, 21, 21,
  108, 140, 16, 16,
  108, 140, 21, 21,
  108, 148, 16, 16,
  108, 148, 21, 21,
  108, 154, 16, 12,
  108, 152, 21, 14,
  114, 6, 12, 12,
  112, 7, 14, 14,
  114, 12, 12, 16,
  112, 12, 14, 21,
  114, 20, 12, 16,
  112, 20, 14, 21,
  114, 28, 12, 16,
  112, 28, 14, 21,
  114, 36, 12, 16,
  112, 36, 14, 21,
  114, 44, 12, 16,
  112, 44, 14, 21,
  114, 52, 12, 16,
  112, 52, 14, 21,
  114, 60, 12, 16,
  112, 60, 14, 21,
  114, 68, 12, 16,
  112, 68, 14, 21,
  114, 76, 12, 16,
  112, 76, 14, 21,
  114, 84, 12, 16,
  112, 84, 14, 21,
  114, 92, 12, 16,
  112, 92, 14, 21,
  114, 100, 12, 16,
  112, 100, 14, 21,
  114, 108, 12, 16,
  112, 108, 14, 21,
  114, 116, 12, 16,
  112, 116, 14, 21,
  114, 124, 12, 16,
  112, 124, 14, 21,
  114, 132, 12, 16,
  112, 132, 14, 21,
  114, 140, 12, 16,
  112, 140, 14, 21,
  114, 148, 12, 16,
  112, 148, 14, 21,
  114, 154, 12, 12,
  112, 152, 14, 14,
  11, 11, 22, 22,
  12, 12, 25, 25,
  8, 14, 17, 28,
  14, 9, 28, 18,
  8, 16, 16, 33,
  16, 8, 33, 16,
  11, 24, 22, 29,
  12, 24, 25, 35,
  8, 23, 17, 41,
  14, 24, 28, 20,
  8, 24, 16, 49,
  16, 24, 33, 17,
  11, 40, 22, 29,
  12, 40, 25, 35,
  8, 40, 17, 41,
  14, 40, 28, 20,
  8, 40, 16, 51,
  16, 40, 33, 17,
  11, 56, 22, 29,
  12, 56, 25, 35,
  8, 56, 17, 41,
  14, 56, 28, 20,
  8, 56, 16, 51,
  16, 56, 33, 17,
  11, 72, 22, 29,
  12, 72, 25, 35,
  8, 72, 17, 41,
  14, 72, 28, 20,
  8, 72, 16, 51,
  16, 72, 33, 17,
  11, 88, 22, 29,
  12, 88, 25, 35,
  8, 88, 17, 41,
  14, 88, 28, 20,
  8, 88, 16, 51,
  16, 88, 33, 17,
  11, 104, 22, 29,
  12, 104, 25, 35,
  8, 104, 17, 41,
  14, 104, 28, 20,
  8, 104, 16, 51,
  16, 104, 33, 17,
  11, 120, 22, 29,
  12, 120, 25, 35,
  8, 120, 17, 41,
  14, 120, 28, 20,
  8, 120, 16, 51,
  16, 120, 33, 17,
  11, 136, 22, 29,
  12, 136, 25, 35,
  8, 136, 17, 41,
  14, 136, 28, 20,
  8, 135, 16, 49,
  16, 136, 33, 17,
  11, 148, 22, 22,
  12, 147, 25, 25,
  8, 145, 17, 28,
  14, 150, 28, 18,
  8, 143, 16, 33,
  16, 151, 33, 16,
  22, 11, 29, 22,
  22, 12, 35, 25,
  22, 14, 20, 28,
  22, 9, 41, 18,
  22, 16, 17, 33,
  24, 8, 48, 16,
  22, 24, 29, 29,
  22, 24, 35, 35,
  22, 23, 20, 41,
  22, 24, 41, 20,
  22, 24, 17, 49,
  24, 24, 48, 17,
  22, 40, 29, 29,
  22, 40, 35, 35,
  22, 40, 20, 41,
  22, 40, 41, 20,
  22, 40, 17, 51,
  24, 40, 48, 17,
  22, 56, 29, 29,
  22, 56, 35, 35,
  22, 56, 20, 41,
  22, 56, 41, 20,
  22, 56, 17, 51,
  24, 56, 48, 17,
  22, 72, 29, 29,
  22, 72, 35, 35,
  22, 72, 20, 41,
  22, 72, 41, 20,
  22, 72, 17, 51,
  24, 72, 48, 17,
  22, 88, 29, 29,
  22, 88, 35, 35,
  22, 88, 20, 41,
  22, 88, 41, 20,
  22, 88, 17, 51,
  24, 88, 48, 17,
  22, 104, 29, 29,
  22, 104, 35, 35,
  22, 104, 20, 41,
  22, 104, 41, 20,
  22, 104, 17, 51,
  24, 104, 48, 17,
  22, 120, 29, 29,
  22, 120, 35, 35,
  22, 120, 20, 41,
  22, 120, 41, 20,
  22, 120, 17, 51,
  24, 120, 48, 17,
  22, 136, 29, 29,
  22, 136, 35, 35,
  22, 136, 20, 41,
  22, 136, 41, 20,
  22, 135, 17, 49,
  24, 136, 48, 17,
  22, 148, 29, 22,
  22, 147, 35, 25,
  22, 145, 20, 28,
  22, 150, 41, 18,
  22, 143, 17, 33,
  24, 151, 48, 16,
  37, 11, 29, 22,
  37, 12, 35, 25,
  37, 14, 20, 28,
  37, 9, 41, 18,
  37, 16, 17, 33,
  37, 8, 51, 16,
  37, 24, 29, 29,
  37, 24, 35, 35,
  37, 23, 20, 41,
  37, 24, 41, 20,
  37, 24, 17, 49,
  37, 24, 51, 17,
  37, 40, 29, 29,
  37, 40, 35, 35,
  37, 40, 20, 41,
  37, 40, 41, 20,
  37, 40, 17, 51,
  37, 40, 51, 17,
  37, 56, 29, 29,
  37, 56, 35, 35,
  37, 56, 20, 41,
  37, 56, 41, 20,
  37, 56, 17, 51,
  37, 56, 51, 17,
  37, 72, 29, 29,
  37, 72, 35, 35,
  37, 72, 20, 41,
  37, 72, 41, 20,
  37, 72, 17, 51,
  37, 72, 51, 17,
  37, 88, 29, 29,
  37, 88, 35, 35,
  37, 88, 20, 41,
  37, 88, 41, 20,
  37, 88, 17, 51,
  37, 88, 51, 17,
  37, 104, 29, 29,
  37, 104, 35, 35,
  37, 104, 20, 41,
  37, 104, 41, 20,
  37, 104, 17, 51,
  37, 104, 51, 17,
  37, 120, 29, 29,
  37, 120, 35, 35,
  37, 120, 20, 41,
  37, 120, 41, 20,
  37, 120, 17, 51,
  37, 120, 51, 17,
  37, 136, 29, 29,
  37, 136, 35, 35,
  37, 136, 20, 41,
  37, 136, 41, 20,
  37, 135, 17, 49,
  37, 136, 51, 17,
  37, 148, 29, 22,
  37, 147, 35, 25,
  37, 145, 20, 28,
  37, 150, 41, 18,
  37, 143, 17, 33,
  37, 151, 51, 16,
  52, 11, 29, 22,
  52, 12, 35, 25,
  52, 14, 20, 28,
  52, 9, 41, 18,
  52, 16, 17, 33,
  52, 8, 51, 16,
  52, 24, 29, 29,
  52, 24, 35, 35,
  52, 23, 20, 41,
  52, 24, 41, 20,
  52, 24, 17, 49,
  52, 24, 51, 17,
  52, 40, 29, 29,
  52, 40, 35, 35,
  52, 40, 20, 41,
  52, 40, 41, 20,
  52, 40, 17, 51,
  52, 40, 51, 17,
  52, 56, 29, 29,
  52, 56, 35, 35,
  52, 56, 20, 41,
  52, 56, 41, 20,
  52, 56, 17, 51,
  52, 56, 51, 17,
  52, 72, 29, 29,
  52, 72, 35, 35,
  52, 72, 20, 41,
  52, 72, 41, 20,
  52, 72, 17, 51,
  52, 72, 51, 17,
  52, 88, 29, 29,
  52, 88, 35, 35,
  52, 88, 20, 41,
  52, 88, 41, 20,
  52, 88, 17, 51,
  52, 88, 51, 17,
  52, 104, 29, 29,
  52, 104, 35, 35,
  52, 104, 20, 41,
  52, 104, 41, 20,
  52, 104, 17, 51,
  52, 104, 51, 17,
  52, 120, 29, 29,
  52, 120, 35, 35,
  52, 120, 20, 41,
  52, 120, 41, 20,
  52, 120, 17, 51,
  52, 120, 51, 17,
  52, 136, 29, 29,
  52, 136, 35, 35,
  52, 136, 20, 41,
  52, 136, 41, 20,
  52, 135, 17, 49,
  52, 136, 51, 17,
  52, 148, 29, 22,
  52, 147, 35, 25,
  52, 145, 20, 28,
  52, 150, 41, 18,
  52, 143, 17, 33,
  52, 151, 51, 16,
  67, 11, 29, 22,
  67, 12, 35, 25,
  67, 14, 20, 28,
  67, 9, 41, 18,
  67, 16, 17, 33,
  67, 8, 51, 16,
  67, 24, 29, 29,
  67, 24, 35, 35,
  67, 23, 20, 41,
  67, 24, 41, 20,
  67, 24, 17, 49,
  67, 24, 51, 17,
  67, 40, 29, 29,
  67, 40, 35, 35,
  67, 40, 20, 41,
  67, 40, 41, 20,
  67, 40, 17, 51,
  67, 40, 51, 17,
  67, 56, 29, 29,
  67, 56, 35, 35,
  67, 56, 20, 41,
  67, 56, 41, 20,
  67, 56, 17, 51,
  67, 56, 51, 17,
  67, 72, 29, 29,
  67, 72, 35, 35,
  67, 72, 20, 41,
  67, 72, 41, 20,
  67, 72, 17, 51,
  67, 72, 51, 17,
  67, 88, 29, 29,
  67, 88, 35, 35,
  67, 88, 20, 41,
  67, 88, 41, 20,
  67, 88, 17, 51,
  67, 88, 51, 17,
  67, 104, 29, 29,
  67, 104, 35, 35,
  67, 104, 20, 41,
  67, 104, 41, 20,
  67, 104, 17, 51,
  67, 104, 51, 17,
  67, 120, 29, 29,
  67, 120, 35, 35,
  67, 120, 20, 41,
  67, 120, 41, 20,
  67, 120, 17, 51,
  67, 120, 51, 17,
  67, 136, 29, 29,
  67, 136, 35, 35,
  67, 136, 20, 41,
  67, 136, 41, 20,
  67, 135, 17, 49,
  67, 136, 51, 17,
  67, 148, 29, 22,
  67, 147, 35, 25,
  67, 145, 20, 28,
  67, 150, 41, 18,
  67, 143, 17, 33,
  67, 151, 51, 16,
  82, 11, 29, 22,
  82, 12, 35, 25,
  82, 14, 20, 28,
  82, 9, 41, 18,
  82, 16, 17, 33,
  82, 8, 51, 16,
  82, 24, 29, 29,
  82, 24, 35, 35,
  82, 23, 20, 41,
  82, 24, 41, 20,
  82, 24, 17, 49,
  82, 24, 51, 17,
  82, 40, 29, 29,
  82, 40, 35, 35,
  82, 40, 20, 41,
  82, 40, 41, 20,
  82, 40, 17, 51,
  82, 40, 51, 17,
  82, 56, 29, 29,
  82, 56, 35, 35,
  82, 56, 20, 41,
  82, 56, 41, 20,
  82, 56, 17, 51,
  82, 56, 51, 17,
  82, 72, 29, 29,
  82, 72, 35, 35,
  82, 72, 20, 41,
  82, 72, 41, 20,
  82, 72, 17, 51,
  82, 72, 51, 17,
  82, 88, 29, 29,
  82, 88, 35, 35,
  82, 88, 20, 41,
  82, 88, 41, 20,
  82, 88, 17, 51,
  82, 88, 51, 17,
  82, 104, 29, 29,
  82, 104, 35, 35,
  82, 104, 20, 41,
  82, 104, 41, 20,
  82, 104, 17, 51,
  82, 104, 51, 17,
  82, 120, 29, 29,
  82, 120, 35, 35,
  82, 120, 20, 41,
  82, 120, 41, 20,
  82, 120, 17, 51,
  82, 120, 51, 17,
  82, 136, 29, 29,
  82, 136, 35, 35,
  82, 136, 20, 41,
  82, 136, 41, 20,
  82, 135, 17, 49,
  82, 136, 51, 17,
  82, 148, 29, 22,
  82, 147, 35, 25,
  82, 145, 20, 28,
  82, 150, 41, 18,
  82, 143, 17, 33,
  82, 151, 51, 16,
  97, 11, 29, 22,
  97, 12, 35, 25,
  97, 14, 20, 28,
  97, 9, 41, 18,
  97, 16, 17, 33,
  95, 8, 48, 16,
  97, 24, 29, 29,
  97, 24, 35, 35,
  97, 23, 20, 41,
  97, 24, 41, 20,
  97, 24, 17, 49,
  95, 24, 48, 17,
  97, 40, 29, 29,
  97, 40, 35, 35,
  97, 40, 20, 41,
  97, 40, 41, 20,
  97, 40, 17, 51,
  95, 40, 48, 17,
  97, 56, 29, 29,
  97, 56, 35, 35,
  97, 56, 20, 41,
  97, 56, 41, 20,
  97, 56, 17, 51,
  95, 56, 48, 17,
  97, 72, 29, 29,
  97, 72, 35, 35,
  97, 72, 20, 41,
  97, 72, 41, 20,
  97, 72, 17, 51,
  95, 72, 48, 17,
  97, 88, 29, 29,
  97, 88, 35, 35,
  97, 88, 20, 41,
  97, 88, 41, 20,
  97, 88, 17, 51,
  95, 88, 48, 17,
  97, 104, 29, 29,
  97, 104, 35, 35,
  97, 104, 20, 41,
  97, 104, 41, 20,
  97, 104, 17, 51,
  95, 104, 48, 17,
  97, 120, 29, 29,
  97, 120, 35, 35,
  97, 120, 20, 41,
  97, 120, 41, 20,
  97, 120, 17, 51,
  95, 120, 48, 17,
  97, 136, 29, 29,
  97, 136, 35, 35,
  97, 136, 20, 41,
  97, 136, 41, 20,
  97, 135, 17, 49,
  95, 136, 48, 17,
  97, 148, 29, 22,
  97, 147, 35, 25,
  97, 145, 20, 28,
  97, 150, 41, 18,
  97, 143, 17, 33,
  95, 151, 48, 16,
  108, 11, 22, 22,
  107, 12, 25, 25,
  111, 14, 17, 28,
  105, 9, 28, 18,
  111, 16, 16, 33,
  103, 8, 33, 16,
  108, 24, 22, 29,
  107, 24, 25, 35,
  111, 23, 17, 41,
  105, 24, 28, 20,
  111, 24, 16, 49,
  103, 24, 33, 17,
  108, 40, 22, 29,
  107, 40, 25, 35,
  111, 40, 17, 41,
  105, 40, 28, 20,
  111, 40, 16, 51,
  103, 40, 33, 17,
  108, 56, 22, 29,
  107, 56, 25, 35,
  111, 56, 17, 41,
  105, 56, 28, 20,
  111, 56, 16, 51,
  103, 56, 33, 17,
  108, 72, 22, 29,
  107, 72, 25, 35,
  111, 72, 17, 41,
  105, 72, 28, 20,
  111, 72, 16, 51,
  103, 72, 33, 17,
  108, 88, 22, 29,
  107, 88, 25, 35,
  111, 88, 17, 41,
  105, 88, 28, 20,
  111, 88, 16, 51,
  103, 88, 33, 17,
  108, 104, 22, 29,
  107, 104, 25, 35,
  111, 104, 17, 41,
  105, 104, 28, 20,
  111, 104, 16, 51,
  103, 104, 33, 17,
  108, 120, 22, 29,
  107, 120, 25, 35,
  111, 120, 17, 41,
  105, 120, 28, 20,
  111, 120, 16, 51,
  103, 120, 33, 17,
  108, 136, 22, 29,
  107, 136, 25, 35,
  111, 136, 17, 41,
  105, 136, 28, 20,
  111, 135, 16, 49,
  103, 136, 33, 17,
  108, 148, 22, 22,
  107, 147, 25, 25,
  111, 145, 17, 28,
  105, 150, 28, 18,
  111, 143, 16, 33,
  103, 151, 33, 16,
  18, 18, 36, 37,
  19, 20, 39, 40,
  15, 23, 30, 46,
  22, 16, 45, 30,
  15, 26, 24, 53,
  26, 16, 52, 24,
  18, 48, 36, 43,
  19, 48, 39, 49,
  15, 48, 30, 60,
  22, 48, 45, 30,
  15, 48, 24, 74,
  26, 48, 52, 24,
  18, 80, 36, 43,
  19, 80, 39, 49,
  15, 80, 30, 60,
  22, 80, 45, 30,
  15, 80, 24, 74,
  26, 80, 52, 24,
  18, 112, 36, 43,
  19, 112, 39, 49,
  15, 112, 30, 60,
  22, 112, 45, 30,
  15, 112, 24, 74,
  26, 112, 52, 24,
  18, 141, 36, 37,
  19, 139, 39, 40,
  15, 136, 30, 46,
  22, 144, 45, 30,
  15, 133, 24, 53,
  26, 144, 52, 24,
  45, 18, 43, 37,
  45, 20, 49, 40,
  45, 23, 30, 46,
  45, 16, 60, 30,
  45, 26, 24, 53,
  45, 16, 74, 24,
  45, 48, 43, 43,
  45, 48, 49, 49,
  45, 48, 30, 60,
  45, 48, 60, 30,
  45, 48, 24, 74,
  45, 48, 74, 24,
  45, 80, 43, 43,
  45, 80, 49, 49,
  45, 80, 30, 60,
  45, 80, 60, 30,
  45, 80, 24, 74,
  45, 80, 74, 24,
  45, 112, 43, 43,
  45, 112, 49, 49,
  45, 112, 30, 60,
  45, 112, 60, 30,
  45, 112, 24, 74,
  45, 112, 74, 24,
  45, 141, 43, 37,
  45, 139, 49, 40,
  45, 136, 30, 46,
  45, 144, 60, 30,
  45, 133, 24, 53,
  45, 144, 74, 24,
  75, 18, 43, 37,
  75, 20, 49, 40,
  75, 23, 30, 46,
  75, 16, 60, 30,
  75, 26, 24, 53,
  75, 16, 74, 24,
  75, 48, 43, 43,
  75, 48, 49, 49,
  75, 48, 30, 60,
  75, 48, 60, 30,
  75, 48, 24, 74,
  75, 48, 74, 24,
  75, 80, 43, 43,
  75, 80, 49, 49,
  75, 80, 30, 60,
  75, 80, 60, 30,
  75, 80, 24, 74,
  75, 80, 74, 24,
  75, 112, 43, 43,
  75, 112, 49, 49,
  75, 112, 30, 60,
  75, 112, 60, 30,
  75, 112, 24, 74,
  75, 112, 74, 24,
  75, 141, 43, 37,
  75, 139, 49, 40,
  75, 136, 30, 46,
  75, 144, 60, 30,
  75, 133, 24, 53,
  75, 144, 74, 24,
  101, 18, 36, 37,
  100, 20, 39, 40,
  104, 23, 30, 46,
  97, 16, 45, 30,
  105, 26, 24, 53,
  93, 16, 52, 24,
  101, 48, 36, 43,
  100, 48, 39, 49,
  104, 48, 30, 60,
  97, 48, 45, 30,
  105, 48, 24, 74,
  93, 48, 52, 24,
  101, 80, 36, 43,
  100, 80, 39, 49,
  104, 80, 30, 60,
  97, 80, 45, 30,
  105, 80, 24, 74,
  93, 80, 52, 24,
  101, 112, 36, 43,
  100, 112, 39, 49,
  104, 112, 30, 60,
  97, 112, 45, 30,
  105, 112, 24, 74,
  93, 112, 52, 24,
  101, 141, 36, 37,
  100, 139, 39, 40,
  104, 136, 30, 46,
  97, 144, 45, 30,
  105, 133, 24, 53,
  93, 144, 52, 24,
  30, 27, 56, 54,
  30, 29, 61, 58,
  30, 33, 39, 66,
  34, 26, 69, 39,
  30, 37, 32, 75,
  39, 26, 78, 32,
  30, 80, 56, 56,
  30, 80, 61, 63,
  30, 80, 39, 79,
  34, 80, 69, 39,
  30, 80, 32, 97,
  39, 80, 78, 32,
  30, 132, 56, 54,
  30, 130, 61, 58,
  30, 126, 39, 66,
  34, 133, 69, 39,
  30, 122, 32, 75,
  39, 133, 78, 32,
  90, 27, 56, 54,
  89, 29, 61, 58,
  90, 33, 39, 66,
  85, 26, 69, 39,
  90, 37, 32, 75,
  80, 26, 78, 32,
  90, 80, 56, 56,
  89, 80, 61, 63,
  90, 80, 39, 79,
  85, 80, 69, 39,
  90, 80, 32, 97,
  80, 80, 78, 32,
  90, 132, 56, 54,
  89, 130, 61, 58,
  90, 126, 39, 66,
  85, 133, 69, 39,
  90, 122, 32, 75,
  80, 133, 78, 32,
  60, 80, 70, 70,
  60, 80, 76, 76,
  60, 80, 49, 99,
  60, 80, 99, 49,
  60, 80, 40, 122,
  60, 80, 120, 40,