0.01244068975823643
0.026273971091370692
0.1215353240205542
0.31543508186934993
0.4587276901138931
0.5925520609773353
0.6160653593812417
0.6435483188411173
0.6822290501268659
0.6691418730022233
0.673913924390604
0.7140299379060635
0.7158181506074858
0.7215070665239123
0.7141449486642979
0.7113121900851553
0.7218327625454878
0.7060081611405511
0.7290741307723569
0.724296409853193
0.7282461582385351
0.7345223751239824
0.7418855928976401
0.7143618103443399
0.7391132212190823
0.733919055218156
0.7040933750352758
0.7248443550166189
0.7085978101069441
0.7079652774969701
0.6959478399687558
0.6966550543278515
0.6996870897944829
0.7009396777462671
0.7289127364412924
0.7016789924848728
