-14
-4
-14
-3
-10
-3
-7
-2
-6
-1
-4
-6
-7
-1
-12
-2
-9
-3
-7
-3
-5
1
-10
1
-8
-2
-8
-5
-6
-4
-5
-6
-4
1
-12
-2
-14
-4
-8
-1
-3
-4
-7
-2
-7
-3
-5
-3
-7
-3
-9
-5
-5
-2
-7
0
-13
-1
-9
-2
-12
-6
-11
-4
-10
-3
-5
-3
-9
-2
-13
-4
-14
-4
-11
-1
-7
-1
-5
0
-18
-5
-18
-3
-18
-4
-15
-4
-15
-4
-18
-1
-19
-3
-20
-5
-15
-2
-4
-3
-17
-3
-19
-3
-20
-2
-19
-4
-19
-3
-21
-3
-20
-3
-21
-3
-17
-2
-3
-7
-15
-4
-12
-1
-11
0
-15
0
-15
-1
-15
-1
-15
-1
-16
0
-15
-1
-3
-9
-8
-5
-6
-4
-6
-3
-7
-4
-7
-4
-7
-4
-7
-4
-7
-3
-7
-4
-2
-5
-2
-2
-2
1
-2
-3
-2
-1
-1
-2
-1
1
-2
-3
-1
-1
-2
-2
-1
0
-2
-2
-1
-1
-1
-1
-2
1
-2
-2
-1
-1
-1
-2
-1
0
-2
-3
-1
-1
-2
-1
-2
1
-2
-3
-1
-1
-1
-1
-1
1
-2
-3
0
-1
-1
-2
-1
1
-2
-2
-1
-1
-1
-2
-1
1
-2
-3
-1
-1
-1
-2
-1
1
-2
-3
0
-1
-1
-2
-1
0
-2
-5
0
-1
-1
-3
-1
0
-2
-4
0
-1
-1
-3
-2
0
-2
-4
-1
-1
-1
-3
-1
0
-1
-4
0
-1
0
-2
-1
1
-2
-4
0
-1
-1
-3
-1
1
-2
-4
-1
-1
0
-3
1
0
-2
-5
0
-1
0
-4
0
0
-1
-4
0
-1
0
-4
0
0
-1
-4
0
-1
0
-2
0
0
-1
-5
0
-1
