0.04523808206497082
0.7573487449746819
0.8218083945530552
0.8618051228163235
0.8754016568216119
0.8794496379933707
0.8920074308486464
0.8725935538414505
0.8994235616023101
0.9070588698250714
0.8943258058395623
0.9197317433121434
0.8856526721110838
0.925900262512161
0.907818439757832
0.9259218277643045
0.9272073731822497
0.922401603230863
0.9289125062453144
0.9361652415650498
0.927910718464595
0.9164120579299431
0.9239969448204807
0.9266659192845406
0.9286920625432072
0.9357403419313397
0.9379092336221702
0.9414365986038773
0.9381137420021157
0.937708665638105
0.938496118249272
0.9206485864157131
0.917322977807962
0.9415375821336408
0.9375800114389395
0.9345124948457361
0.9296036605977444
0.9237206059894182
0.9329916184178033
0.9311787091497329
0.9293443674871721
0.928219154379006
0.9285922134085034
0.9285378094189302
0.9284312927826135
0.9280825460981078
0.9282115751180624
0.9284290171828923
0.9284405565973157
0.9285112192309055
