64
45
53
19
88
68
52
42
48
54
28
41
79
52
34
65
45
52
2
22
64
55
29
72
40
69
-8
12
63
60
34
67
42
60
-2
6
66
60
41
64
53
68
10
29
67
75
39
65
71
81
34
47
74
66
39
60
80
69
50
44
76
66
44
58
77
84
75
77
85
76
58
63
73
51
72
76
85
40
49
65
73
42
49
33
77
39
35
61
65
66
27
44
72
60
22
68
63
35
32
48
79
51
33
66
50
79
37
25
78
61
37
50
44
58
40
58
77
75
29
65
41
60
35
62
78
62
27
70
45
49
20
44
80
59
32
71
47
59
33
43
80
56
40
64
50
66
30
15
86
69
47
46
58
65
44
0
87
51
57
36
56
49
117
14
66
68
83
27
59
44
61
23
62
41
71
55
50
70
-7
-22
59
53
66
58
50
72
2
-16
60
58
64
54
62
57
44
6
63
63
63
52
86
67
44
24
69
76
56
64
60
74
42
38
61
61
56
66
49
56
62
23
56
58
69
50
72
89
93
64
57
83
79
56
48
24
86
59
49
32
73
61
34
45
70
12
48
40
76
46
38
63
41
24
60
57
61
57
44
35
62
26
55
48
67
49
56
74
71
1
60
54
78
34
59
46
65
20
58
63
76
54
55
48
86
27
58
54
72
59
54
55
70
33
52
55
70
58
60
57
87
22
55
52
71
46
65
61
78
16
57
71
81
34
70
59
102
-12
65
46
91
8
62
59
76
8
51
67
79
33
84
55
47
20
66
46
66
59
69
59
44
17
69
60
68
60
68
63
61
25
69
62
64
55
76
72
44
26
81
68
60
55
58
77
20
32
89
74
58
62
85
73
39
42
86
56
60
60
74
35
52
30
67
49
71
49
52
90
102
69
35
73
87
48
50
43
72
45
34
34
87
51
56
51
52
23
57
55
79
43
62
49
44
26
66
55
71
63
69
60
42
12
64
54
74
51
84
64
63
23
63
58
68
37
67
53
45
9
58
59
71
53
65
57
48
16
56
56
73
62
61
57
34
8
59
55
71
59
66
69
40
-3
56
61
73
49
62
55
49
4
61
65
81
35
67
75
86
-16
64
49
91
3
81
53
29
3
62
74
71
47
56
55
7
39
76
50
55
74
79
54
14
23
75
52
50
73
81
65
35
13
69
55
60
65
75
73
45
43
65
75
56
65
74
65
57
59
67
72
59
72
57
46
69
49
61
47
64
64
59
46
70
32
54
41
69
52
62
75
97
58
43
67
75
47
53
56
87
36
49
41
79
41
58
63
83
44
66
71
82
51
72
44
95
51
69
54
85
64
73
63
72
44
78
57
75
53
70
64
65
24
76
54
70
40
79
54
44
27
72
62
62
57
75
59
23
20
80
59
65
65
96
44
17
14
88
51
69
58
75
55
20
26
88
59
74
56
64
65
39
10
93
63
90
36
88
74
68
-22
89
50
96
5
58
42
29
1
73
83
74
44
74
65
22
57
64
59
54
77
94
65
-2
36
66
43
43
70
81
49
9
40
70
56
43
65
58
65
14
38
64
75
48
76
55
46
39
58
46
56
56
72
38
52
49
60
38
44
61
68
50
60
44
46
47
46
57
64
64
59
72
48
47
64
66
53
73
55
75
25
51
50
76
48
62
71
88
45
57
73
79
52
70
59
88
47
53
57
80
60
68
59
77
45
61
59
80
58
70
51
67
34
73
50
67
51
60
65
56
21
67
52
64
48
60
61
47
27
55
64
57
56
62
55
49
27
60
53
51
54
69
46
67
33
60
57
56
60
74
72
80
23
60
67
72
45
85
63
103
7
68
51
79
0
75
60
83
15
70
81
74
27
65
70
33
36
58
58
59
65
31
53
29
46
67
55
53
58
47
51
27
49
78
69
56
77
83
76
31
59
90
71
61
73
61
23
31
50
78
35
64
75
59
51
37
61
63
40
67
77
64
62
46
56
60
49
59
69
65
59
74
34
51
56
68
50
72
47
71
28
55
52
73
56
79
74
75
40
45
68
75
59
82
88
75
35
50
68
75
47
72
60
65
44
58
73
70
56
64
41
79
62
69
48
67
55
66
62
60
26
62
44
72
49
62
63
48
11
41
56
68
50
44
48
46
23
29
51
62
59
62
62
36
6
31
56
55
64
61
75
36
9
30
64
55
54
68
59
87
-13
42
48
75
3
53
67
101
15
52
69
73
18
39
39
58
30
48
45
76
51
43
52
78
50
54
71
74
61
57
76
59
70
55
88
69
81
54
70
69
88
53
67
69
81
48
28
64
89
57
25
61
80
68
50
59
66
58
41
57
71
51
62
40
57
54
50
48
70
55
62
44
45
55
53
45
57
63
50
28
46
62
57
43
68
84
64
25
31
65
59
47
66
50
84
60
40
53
74
67
43
36
38
60
56
48
75
61
63
44
49
81
70
51
51
71
67
72
66
78
45
61
34
65
46
73
62
54
15
61
62
60
52
66
57
11
7
62
57
49
61
74
58
6
-6
69
52
51
63
59
65
2
11
80
59
59
62
35
57
53
-30
78
41
77
9
37
51
85
13
34
58
72
29
41
61
74
40
40
51
72
49
64
63
72
44
42
72
67
59
63
69
55
65
36
77
65
70
54
67
56
81
23
60
65
67
35
37
49
71
28
32
55
73
50
66
32
36
41
49
47
66
55
61
32
53
49
58
50
69
68
49
37
56
68
65
49
65
66
59
16
66
89
72
52
85
73
58
24
50
105
48
61
74
55
38
50
39
88
50
73
64
46
43
72
78
46
57
74
73
38
62
67
76
29
49
73
71
52
66
44
36
44
45
54
57
56
65
7
25
61
67
42
66
61
73
2
32
65
59
38
73
49
47
22
31
59
57
43
72
59
63
55
53
59
56
62
67
67
65
89
15
65
35
72
22
57
45
33
-4
44
56
70
43
52
73
32
32
49
58
55
60
52
59
39
26
45
67
55
59
37
48
50
45
40
59
57
63
44
56
61
52
37
57
63
64
67
54
39
48
50
47
55
68
63
47
20
40
59
54
49
69
52
60
25
39
55
55
53
67
55
71
67
51
54
83
56
60
67
56
63
88
59
89
63
91
71
49
96
95
64
50
68
74
70
24
97
73
53
22
70
66
58
56
48
41
38
53
71
74
51
51
17
42
44
52
64
74
50
68
1
19
57
55
48
64
58
71
-12
22
61
65
46
70
53
56
5
27
57
55
47
74
54
68
12
25
53
52
52
78
63
70
30
31
37
53
65
69
81
70
68
-10
53
41
77
24
58
46
59
-12
68
59
71
34
47
65
25
20
62
57
68
63
51
66
44
18
55
63
68
57
68
47
27
29
55
59
73
66
69
62
14
35
75
67
74
66
70
43
27
39
79
55
76
69
57
55
42
50
71
51
69
75
59
55
49
52
64
47
67
76
57
89
77
37
56
76
60
52
45
58
32
67
35
81
64
84
35
60
57
80
23
49
68
69
50
48
80
55
38
36
66
58
66
55
62
38
53
55
56
60
60
53
9
22
56
58
54
65
59
75
-34
-8
58
61
55
62
62
77
-40
-19
61
61
59
60
62
74
-43
-24
64
61
58
61
55
69
-49
-24
63
59
61
64
54
67
-33
-6
53
57
64
74
61
78
25
-57
58
47
70
16
71
50
86
-2
58
66
73
33
58
62
52
32
56
63
68
66
57
64
38
30
54
65
67
67
59
61
57
39
55
66
74
66
66
54
69
59
62
69
71
72
63
44
71
61
59
42
68
73
60
51
71
69
45
49
69
76
61
45
62
62
44
49
69
80
53
80
32
36
50
63
64
65
40
46
20
47
36
57
64
75
28
57
36
58
26
50
66
69
52
52
35
27
49
54
60
59
59
58
34
14
55
61
57
58
60
72
-1
-2
50
57
51
61
55
75
-22
-16
50
57
56
60
55
78
-32
-25
49
56
55
61
62
78
-44
-35
48
55
55
62
59
76
-45
-36
55
56
51
60
54
71
-34
-14
60
54
53
61
68
74
26
-63
61
50
71
14
67
50
36
-16
71
73
76
40
89
45
18
13
68
59
78
70
59
57
21
19
59
54
76
68
57
66
62
37
43
70
70
60
44
65
60
61
37
67
62
67
57
35
39
43
36
42
61
71
57
61
12
37
39
55
66
80
57
50
29
34
40
52
67
68
61
69
19
9
50
57
66
64
58
61
-28
0
54
57
61
65
69
85
-65
-49
57
56
64
61
66
75
-54
-40
61
61
58
52
66
74
-40
-40
56
58
57
59
58
76
-35
-29
51
56
55
62
55
74
-39
-37
49
57
54
65
55
76
-42
-34
50
58
56
65
55
75
-39
-30
51
58
57
64
54
75
-30
-21
51
57
56
62
56
76
-20
-16
51
52
52
61
73
71
33
-54
65
49
68
26
87
61
65
25
75
78
78
41
71
57
27
20
83
60
76
62
84
54
26
34
79
50
68
73
95
41
6
-1
60
51
71
65
75
63
-1
7
55
62
76
68
63
57
-7
-6
47
37
69
67
56
68
-24
6
48
59
63
77
58
61
-24
2
56
55
63
73
72
60
-17
-5
65
51
61
64
63
73
-15
-6
57
57
54
61
58
75
-20
-14
48
57
48
60
52
77
-31
-26
46
56
50
62
53
77
-39
-32
48
56
53
62
53
75
-39
-34
48
57
55
64
54
74
-39
-34
49
58
57
64
57
75
-40
-33
50
59
57
66
55
75
-35
-29
50
59
56
65
51
75
-25
-20
48
58
54
62
51
75
-12
-7
50
54
54
59
73
83
32
-47
62
50
73
33
71
39
89
10
57
76
78
36
32
54
61
40
55
64
84
66
55
69
60
28
59
50
77
62
50
38
4
-11
73
54
63
58
67
58
-3
-5
72
59
59
68
80
59
-10
-15
72
47
55
64
64
61
-35
-5
63
63
59
78
54
67
-10
12
54
61
63
75
72
49
16
4
56
49
66
70
64
71
-2
-13
48
57
57
60
60
70
-17
-16
46
59
51
58
61
73
-30
-24
48
59
50
62
57
74
-35
-29
49
59
49
62
59
74
-39
-32
50
60
50
63
59
73
-35
-31
51
60
51
63
58
74
-36
-29
51
60
51
63
56
74
-34
-26
50
61
52
63
53
75
-29
-20
47
60
53
62
58
76
-25
-27
53
56
64
59
80
81
38
-45
62
52
66
37
37
51
59
15
44
76
42
40
51
48
41
71
24
60
47
75
44
61
44
60
35
49
44
69
53
54
33
38
42
61
38
71
54
73
-11
18
35
68
26
81
59
73
-16
16
51
57
24
73
62
29
-11
19
57
56
32
81
58
57
-20
15
49
63
41
78
57
68
-20
9
50
55
44
69
68
74
-31
0
56
63
39
72
72
73
-38
-14
53
63
37
68
74
70
-44
-31
52
62
40
68
77
70
-53
-42
53
63
38
70
78
70
-54
-46
53
63
37
71
78
70
-55
-47
53
63
35
70
77
69
-55
-45
53
63
36
70
77
69
-57
-45
53
64
39
71
73
71
-53
-33
52
67
41
71
76
71
-29
-11
53
64
37
75
72
76
9
-19
59
59
29
51
