64
45
53
19
88
68
52
42
48
54
28
41
79
52
34
65
45
52
2
22
64
55
29
72
40
69
-8
12
63
60
34
67
42
60
-2
6
66
60
41
64
53
68
10
29
67
75
39
65
71
81
34
47
74
66
39
60
80
69
50
44
76
66
44
58
77
84
75
77
85
76
58
63
73
51
72
76
85
40
49
65
73
42
49
33
77
39
35
61
65
66
27
44
72
60
22
68
63
35
32
48
79
51
33
66
50
79
37
25
78
61
37
50
44
58
40
58
77
75
29
65
41
60
35
62
78
62
27
70
45
49
20
44
80
59
32
71
47
59
33
43
80
56
40
64
50
66
30
15
86
69
47
46
58
65
44
0
87
51
57
36
56
49
117
14
66
68
83
27
59
44
61
23
62
41
71
55
50
70
-7
-22
59
53
66
58
50
72
2
-16
60
58
64
54
62
57
44
6
63
63
63
52
86
67
44
24
69
76
56
64
60
74
42
38
61
61
56
66
49
56
62
23
56
58
69
50
72
89
93
64
57
83
79
56
48
24
86
59
49
32
73
61
34
45
70
12
48
40
76
46
38
63
41
24
60
57
61
57
44
35
62
26
55
48
67
49
56
74
71
1
60
54
78
34
59
46
65
20
58
63
76
54
55
48
86
27
58
54
72
59
54
55
70
33
52
55
70
58
60
57
87
22
55
52
71
46
65
61
78
16
57
71
81
34
70
59
102
-12
65
46
91
8
62
59
76
8
51
67
79
33
84
55
47
20
66
46
66
59
69
59
44
17
69
60
68
60
68
63
61
25
69
62
64
55
76
72
44
26
81
68
60
55
58
77
20
32
89
74
58
62
85
73
39
42
86
56
60
60
74
35
52
30
67
49
71
49
52
90
102
69
35
73
87
48
50
43
72
45
34
34
87
51
56
51
52
23
57
55
79
43
62
49
44
26
66
55
71
63
69
60
42
12
64
54
74
51
84
64
63
23
63
58
68
37
67
53
45
9
58
59
71
53
65
57
48
16
56
56
73
62
61
57
34
8
59
55
71
59
66
69
40
-3
56
61
73
49
62
55
49
4
61
65
81
35
67
75
86
-16
64
49
91
3
81
53
29
3
62
74
71
47
56
55
7
39
76
50
55
74
79
54
14
23
75
52
50
73
81
65
35
13
69
55
60
65
75
73
45
43
65
75
56
65
74
65
57
59
67
72
59
72
57
46
69
49
61
47
64
64
59
46
70
32
54
41
69
52
62
75
97
58
43
67
75
47
53
56
87
36
49
41
79
41
58
63
83
44
66
71
82
51
72
44
95
51
69
54
85
64
73
63
72
44
78
57
75
53
70
64
65
24
76
54
70
40
79
54
44
27
72
62
62
57
75
59
23
20
80
59
65
65
96
44
17
14
88
51
69
58
75
55
20
26
88
59
74
56
64
65
39
10
93
63
90
36
88
74
68
-22
89
50
96
5
58
42
29
1
73
83
74
44
74
65
22
57
64
59
54
77
94
65
-2
36
66
43
43
70
81
49
9
40
70
56
43
65
58
65
14
38
64
75
48
76
55
46
39
58
46
56
56
72
38
52
49
60
38
44
61
68
50
60
44
46
47
46
57
64
64
59
72
48
47
64
66
53
73
55
75
25
51
50
76
48
62
71
88
45
57
73
79
52
70
59
88
47
53
57
80
60
68
59
77
45
61
59
80
58
70
51
67
34
73
50
67
51
60
65
56
21
67
52
64
48
60
61
47
27
55
64
57
56
62
55
49
27
60
53
51
54
69
46
67
33
60
57
56
60
74
72
80
23
60
67
72
45
85
63
103
7
68
51
79
0
75
60
83
15
70
81
74
27
65
70
33
36
58
58
59
65
31
53
29
46
67
55
53
58
47
51
27
49
78
69
56
77
83
76
31
59
90
71
61
73
61
23
31
50
78
35
64
75
59
51
37
61
63
40
67
77
64
62
46
56
60
49
59
69
65
59
74
34
51
56
68
50
72
47
71
28
55
52
73
56
79
74
75
40
45
68
75
59
82
88
75
35
50
68
75
47
72
60
65
44
58
73
70
56
64
41
79
62
69
48
67
55
66
62
60
26
62
44
72
49
62
63
48
11
41
56
68
50
44
48
46
23
29
51
62
59
62
62
36
6
31
56
55
64
61
75
36
9
30
64
55
54
68
59
87
-13
42
48
75
3
53
67
101
15
52
69
73
18
39
39
58
30
48
45
76
51
43
52
78
50
54
71
74
61
57
76
59
70
55
88
69
81
54
70
69
88
53
67
69
81
48
28
64
89
57
25
61
80
68
50
59
66
58
41
57
71
51
62
40
57
54
50
48
70
55
62
44
45
55
53
45
57
63
50
28
46
62
57
43
68
84
64
25
31
65
59
47
66
50
84
60
40
53
74
67
43
36
38
60
56
48
75
61
63
44
49
81
70
51
51
71
67
72
66
78
45
61
34
65
46
73
62
54
15
61
62
60
52
66
57
11
7
62
57
49
61
74
58
6
-6
69
52
51
63
59
65
2
11
80
59
59
62
35
57
53
-30
78
41
77
9
37
51
85
13
34
58
72
29
41
61
74
40
40
51
72
49
64
63
72
44
42
72
67
59
63
69
55
65
36
77
65
70
54
67
56
81
23
60
65
67
35
37
49
71
28
32
55
73
50
66
32
36
41
49
47
66
55
61
32
53
49
58
50
69
68
49
37
56
68
65
49
65
66
59
16
66
89
72
52
85
73
58
24
50
105
48
61
74
55
38
50
39
88
50
73
64
46
43
72
78
46
57
74
73
38
62
67
76
29
49
73
71
52
66
44
36
44
45
54
57
56
65
7
25
61
67
42
66
61
73
2
32
65
59
38
73
49
47
22
31
59
57
43
72
59
63
55
53
59
56
62
67
67
65
89
15
65
35
72
22
57
45
33
-4
44
56
70
43
52
73
32
32
49
58
55
60
52
59
39
26
45
67
55
59
37
48
50
45
40
59
57
63
44
56
61
52
37
57
63
64
67
54
39
48
50
47
55
68
63
47
20
40
59
54
49
69
52
60
25
39
55
55
53
67
55
71
67
51
54
83
56
60
67
56
63
88
59
89
63
91
71
49
96
95
64
50
68
74
70
24
97
73
53
22
70
66
58
56
48
41
38
53
71
74
51
51
17
42
44
52
64
74
50
68
1
19
57
55
48
64
58
71
-12
22
61
65
46
70
53
56
5
27
57
55
47
74
54
68
12
25
53
52
52
78
63
70
30
31
37
53
65
69
81
70
68
-10
53
41
77
24
58
46
59
-12
68
59
71
34
47
65
25
20
62
57
68
63
51
66
44
18
55
63
68
57
68
47
27
29
55
59
73
66
69
62
14
35
75
67
74
66
70
43
27
39
79
55
76
69
57
55
42
50
71
51
69
75
59
55
49
52
64
47
67
76
57
89
77
37
56
76
60
52
45
58
32
67
35
81
64
84
35
60
57
80
23
49
68
69
50
48
80
55
38
36
66
58
66
55
62
38
53
55
56
60
60
53
9
22
56
58
54
65
59
75
-34
-8
58
61
55
62
62
77
-40
-19
61
61
59
60
62
74
-43
-24
64
61
58
61
55
69
-49
-24
63
59
61
64
54
67
-33
-6
53
57
64
74
61
78
25
-57
58
47
70
16
71
50
86
-2
58
66
73
33
58
62
52
32
56
63
68
66
57
64
38
30
54
65
67
67
59
61
57
39
55
66
74
66
66
54
69
59
62
69
71
72
63
44
71
61
59
42
68
73
60
51
71
69
45
49
69
76
61
45
62
62
44
49
69
80
53
80
32
36
50
63
64
65
40
46
20
47
36
57
64
75
28
57
36
58
26
50
66
69
52
52
35
27
49
54
60
59
59
58
34
14
55
61
57
58
60
72
-1
-2
50
57
51
61
55
75
-22
-16
50
57
56
60
55
78
-32
-25
49
56
55
61
62
78
-44
-35
48
55
55
62
59
76
-45
-36
55
56
51
60
54
71
-34
-14
60
54
53
61
68
74
26
-63
61
50
71
14
67
50
36
-16
71
73
76
40
89
45
18
13
68
59
78
70
59
57
21
19
59
54
76
68
57
66
62
37
43
70
70
60
44
65
60
61
37
67
62
67
57
35
39
43
36
42
61
71
57
61
12
37
39
55
66
80
57
50
29
34
40
52
67
68
61
69
19
9
50
57
66
64
58
61
-28
0
54
57
61
65
69
85
-65
-49
57
56
64
61
66
75
-54
-40
61
61
58
52
66
74
-40
-40
56
58
57
59
58
76
-35
-29
51
56
55
62
55
74
-39
-37
49
57
54
65
55
76
-42
-34
50
58
56
65
55
75
-39
-30
51
58
57
64
54
75
-30
-21
51
57
56
62
56
76
-20
-16
51
52
52
61
73
71
33
-54
65
49
68
26
87
61
65
25
75
78
78
41
71
57
27
20
83
60
76
62
84
54
26
34
79
50
68
73
95
41
6
-1
60
51
71
65
75
63
-1
7
55
62
76
68
63
57
-7
-6
47
37
69
67
56
68
-24
6
48
59
63
77
58
61
-24
2
56
55
63
73
72
60
-17
-5
65
51
61
64
63
73
-15
-6
57
57
54
61
58
75
-20
-14
48
57
48
60
52
77
-31
-26
46
56
50
62
53
77
-39
-32
48
56
53
62
53
75
-39
-34
48
57
55
64
54
74
-39
-34
49
58
57
64
57
75
-40
-33
50
59
57
66
55
75
-35
-29
50
59
56
65
51
75
-25
-20
48
58
54
62
51
75
-12
-7
50
54
54
59
73
83
32
-47
62
50
73
33
71
39
89
10
57
76
78
36
32
54
61
40
55
64
84
66
55
69
60
28
59
50
77
62
50
38
4
-11
73
54
63
58
67
58
-3
-5
72
59
59
68
80
59
-10
-15
72
47
55
64
64
61
-35
-5
63
63
59
78
54
67
-10
12
54
61
63
75
72
49
16
4
56
49
66
70
64
71
-2
-13
48
57
57
60
60
70
-17
-16
46
59
51
58
61
73
-30
-24
48
59
50
62
57
74
-35
-29
49
59
49
62
59
74
-39
-32
50
60
50
63
59
73
-35
-31
51
60
51
63
58
74
-36
-29
51
60
51
63
56
74
-34
-26
50
61
52
63
53
75
-29
-20
47
60
53
62
58
76
-25
-27
53
56
64
59
80
81
38
-45
62
52
66
37
37
51
59
15
44
76
42
40
51
48
41
71
24
60
47
75
44
61
44
60
35
49
44
69
53
54
33
38
42
61
38
71
54
73
-11
18
35
68
26
81
59
73
-16
16
51
57
24
73
62
29
-11
19
57
56
32
81
58
57
-20
15
49
63
41
78
57
68
-20
9
50
55
44
69
68
74
-31
0
56
63
39
72
72
73
-38
-14
53
63
37
68
74
70
-44
-31
52
62
40
68
77
70
-53
-42
53
63
38
70
78
70
-54
-46
53
63
37
71
78
70
-55
-47
53
63
35
70
77
69
-55
-45
53
63
36
70
77
69
-57
-45
53
64
39
71
73
71
-53
-33
52
67
41
71
76
71
-29
-11
53
64
37
75
72
76
9
-19
59
59
29
51
78
65
47
47
68
64
51
41
87
64
42
52
60
66
48
42
93
60
41
50
87
65
47
42
79
54
44
61
76
57
49
54
78
52
36
66
69
61
46
53
78
51
30
66
86
55
42
61
80
67
40
58
76
66
46
54
80
67
33
62
67
65
47
53
80
63
29
63
87
63
38
61
78
71
35
57
76
72
45
44
77
62
27
64
68
72
46
41
79
57
23
63
81
66
35
58
77
57
32
38
73
56
48
27
77
59
15
52
67
57
53
29
79
61
9
60
80
53
27
37
75
42
36
57
72
42
45
44
74
45
29
67
66
43
47
41
76
49
27
69
81
47
37
56
74
52
40
52
66
48
42
46
81
56
36
58
55
46
39
47
87
56
33
62
87
52
47
56
75
63
42
54
67
62
44
52
77
62
36
57
56
63
40
54
79
60
30
60
84
60
42
57
75
59
42
57
67
57
46
52
82
64
39
61
59
54
44
51
84
59
32
60
94
55
47
54
72
52
50
40
57
48
52
38
91
57
51
45
49
48
47
44
100
58
49
48
93
52
60
37
54
78
66
37
48
75
72
31
60
77
55
49
41
72
73
32
69
69
53
48
57
81
59
30
49
49
69
74
42
56
87
57
54
40
47
89
37
60
89
52
60
36
39
87
56
58
67
77
51
63
67
70
46
57
86
52
55
74
46
88
39
55
90
50
59
79
38
91
59
62
63
72
51
62
71
67
39
63
87
50
55
57
49
84
30
63
90
46
56
53
37
86
60
66
66
69
33
54
63
38
24
55
84
32
37
51
32
57
21
55
88
35
42
48
18
69
52
55
60
51
54
57
75
62
33
55
93
44
66
63
54
87
22
53
97
42
70
69
43
92
72
56
78
67
59
43
77
53
41
45
86
43
68
44
57
70
28
46
85
44
73
45
45
76
75
41
76
58
52
63
75
66
39
63
87
56
58
57
52
77
28
62
88
55
62
52
39
78
61
66
68
68
48
56
74
67
42
54
89
56
54
63
53
80
37
48
89
51
59
57
39
78
57
48
67
59
59
43
72
26
55
42
72
31
59
50
60
32
49
41
67
39
64
58
53
36
59
39
62
23
59
74
64
32
66
73
63
27
51
72
62
43
64
71
63
27
57
66
63
44
49
75
64
23
63
55
54
69
67
61
64
51
62
49
40
78
67
65
71
45
60
49
34
77
56
63
61
73
64
62
55
64
69
59
67
45
61
70
42
77
68
57
73
38
60
77
37
82
58
60
55
64
40
47
70
73
43
50
77
57
41
46
56
83
47
54
78
52
46
47
51
83
45
53
73
79
31
51
76
57
47
52
79
47
35
48
61
70
56
52
76
47
44
47
55
73
40
54
91
74
37
65
85
60
51
61
87
44
41
69
67
80
55
57
82
41
51
72
58
84
39
57
93
64
62
52
74
43
70
54
77
32
61
47
54
63
68
53
75
32
62
46
43
74
53
45
85
51
52
42
69
57
61
47
75
41
52
38
55
74
62
50
74
37
57
43
47
76
46
41
77
62
42
61
72
62
57
60
78
48
44
63
55
72
60
52
76
42
50
56
43
70
39
56
79
63
46
42
66
22
55
43
65
25
42
49
68
28
57
42
65
30
51
63
72
27
46
36
67
21
58
76
54
25
58
76
63
18
57
72
45
40
57
74
68
18
59
62
45
39
59
76
48
21
62
75
39
60
62
75
59
39
62
68
26
73
62
75
68
32
60
62
23
74
65
74
38
60
63
40
27
57
63
44
53
33
64
41
12
72
63
50
69
25
63
44
12
77
65
48
27
57
63
42
42
64
69
44
60
47
57
43
32
67
64
47
70
45
57
48
34
64
53
52
52
77
77
67
57
58
82
62
76
43
66
72
38
75
82
61
79
46
59
76
33
82
66
67
66
71
80
51
64
55
86
53
79
39
68
50
44
73
82
53
81
40
62
54
36
79
62
46
72
62
53
50
61
46
56
51
80
31
51
51
37
70
58
51
83
32
50
52
28
79
58
45
61
52
57
33
59
60
59
43
75
42
55
29
44
74
58
48
80
38
53
36
40
73
61
33
60
65
64
61
59
67
67
60
73
50
61
67
44
76
69
53
78
43
57
61
36
71
68
56
60
68
65
39
60
28
66
42
68
27
58
48
54
37
62
43
66
31
61
62
58
34
63
36
53
27
39
72
65
33
36
71
64
32
50
69
64
38
42
68
68
32
57
58
64
37
63
77
72
34
49
71
63
60
36
67
73
48
54
71
46
71
36
68
74
47
52
66
36
77
67
74
74
69
52
51
57
59
48
56
71
44
52
45
35
72
45
58
72
42
49
39
24
77
65
49
63
66
76
54
41
61
70
61
57
44
72
46
24
68
64
67
67
38
67
45
18
67
75
53
50
71
58
85
34
52
60
77
57
25
58
88
17
74
62
72
69
18
57
88
14
78
62
76
34
49
59
32
34
44
57
36
57
21
59
35
17
64
57
41
70
18
57
37
15
71
52
38
33
44
43
46
52
53
46
45
68
38
46
49
34
66
49
46
74
38
47
52
26
69
46
50
49
58
56
47
58
76
53
54
68
62
54
39
48
78
50
62
73
56
50
41
42
72
59
54
62
87
52
54
59
80
47
52
72
63
53
64
48
83
47
50
75
54
50
66
39
76
59
49
63
78
49
42
61
37
45
41
66
34
53
50
58
42
44
40
67
36
61
57
63
38
57
42
59
34
67
79
66
37
59
79
66
32
72
73
62
46
54
77
71
30
75
62
58
46
78
84
64
32
66
63
69
70
58
65
83
55
66
53
49
80
51
69
88
50
63
47
36
81
74
71
65
68
57
62
59
76
50
61
82
58
60
60
37
86
44
62
93
52
62
54
27
81
64
56
52
76
55
36
57
65
49
40
77
47
55
35
38
74
47
46
86
42
56
40
30
73
56
40
47
61
38
68
56
59
32
62
74
44
41
76
34
72
33
60
80
42
38
79
24
74
40
65
49
58
27
44
55
51
27
52
72
39
32
39
32
61
27
57
76
38
34
38
23
66
36
48
50
53
51
51
59
64
45
53
69
57
51
51
44
71
46
58
73
56
50
58
40
73
44
56
64
75
49
65
65
84
49
67
72
75
51
53
57
82
57
69
77
68
53
49
52
76
49
69
67
87
51
56
67
85
52
55
75
68
52
62
59
87
60
51
76
56
57
62
52
75
53
46
75
78
56
47
70
40
57
49
65
42
58
53
75
42
60
51
62
43
67
64
82
35
61
41
79
42
71
86
60
36
81
82
72
25
57
85
48
54
83
79
78
24
55
77
42
58
57
87
55
31
52
41
74
72
70
51
92
51
49
32
52
91
82
59
95
44
48
33
40
93
44
57
62
58
42
54
70
77
47
54
82
65
45
59
50
83
56
55
82
59
47
61
42
78
35
47
69
83
47
51
63
69
52
55
73
57
47
47
49
73
57
59
75
52
47
45
43
72
42
52
62
71
63
57
57
76
66
57
66
67
60
56
47
73
73
61
70
61
56
57
43
67
52
65
60
83
58
59
62
76
64
61
69
69
58
51
54
74
72
65
69
62
54
50
50
69
57
62
62
78
58
56
69
79
64
57
75
77
58
50
59
77
74
62
73
73
53
55
54
74
62
54
62
77
58
62
72
82
67
62
78
79
57
55
60
78
74
65
76
75
54
54
53
73
57
59
66
78
59
60
72
80
69
58
80
69
55
66
61
80
72
52
77
60
54
58
51
71
46
47
79
70
62
50
71
48
72
53
72
49
53
56
67
48
70
54
68
49
58
65
72
37
54
45
68
42
34
77
39
40
42
76
48
25
31
75
27
52
51
75
49
21
29
72
21
57
33
76
37
37
38
41
33
60
39
47
42
47
39
37
25
70
47
54
42
41
37
37
24
74
25
49
30
54
49
50
29
65
46
48
32
67
47
57
27
60
53
52
28
69
42
63
27
63
33
54
32
72
48
61
31
70
47
62
32
75
45
59
31
61
55
67
27
76
39
56
31
62
37
64
28
74
47
61
37
75
47
59
35
82
45
62
37
64
57
60
27
82
39
55
34
63
40
62
34
77
49
60
48
72
48
59
42
81
50
57
45
66
60
62
27
83
41
56
40
65
47
59
46
72
47
56
59
72
46
55
51
82
55
52
52
68
64
62
31
84
46
62
46
66
54
56
53
68
47
56
62
73
45
54
53
82
56
52
53
70
67
62
32
84
47
65
47
65
53
55
55
70
49
60
60
71
47
55
54
72
54
63
52
72
65
55
36
70
47
63
42
63
50
53
56
63
55
56
52
51
53
59
50
52
49
56
52
52
59
61
40
50
48
62
57
39
55
52
49
43
75
73
43
41
67
80
50
35
81
68
34
53
61
83
56
33
83
61
28
61
79
77
39
42
83
65
49
68
85
64
71
62
79
70
32
72
85
66
81
54
81
71
27
71
91
63
51
75
93
55
63
68
90
52
79
57
90
60
45
74
87
49
83
55
87
63
34
75
99
50
60
68
79
47
44
55
75
50
60
49
82
45
33
61
73
49
70
44
82
48
28
61
88
51
45
60
76
42
46
34
69
39
54
29
84
49
37
50
62
37
57
30
86
54
31
62
84
43
49
38
48
79
61
44
57
86
62
33
57
71
55
56
62
88
64
28
59
65
47
62
52
85
61
43
45
73
70
84
51
71
90
70
47
78
52
93
58
71
99
58
51
75
41
86
52
76
79
95
42
47
86
76
34
46
106
57
51
52
60
100
43
47
108
48
54
61
45
103
48
41
78
73
48
48
70
52
53
50
81
39
50
42
53
69
57
46
83
32
51
41
41
73
53
46
71
57
53
38
77
39
58
37
72
35
63
41
68
56
59
36
65
35
66
43
58
68
54
33
76
37
74
87
60
51
70
91
65
37
57
80
54
61
64
93
68
30
54
73
46
65
63
94
61
49
57
44
46
74
65
52
65
54
52
38
38
82
68
57
73
41
52
38
33
79
53
48
56
79
35
43
43
62
46
43
53
53
26
45
43
69
56
42
59
43
29
50
39
73
24
40
53
67
51
63
54
65
57
58
62
56
46
65
50
69
59
53
66
49
45
62
45
68
51
64
57
63
62
34
72
37
60
31
69
30
49
37
68
57
57
33
68
30
48
40
57
69
55
30
75
36
36
73
43
48
44
76
50
38
36
68
32
56
53
75
56
32
35
63
26
62
41
71
43
49
39
48
45
73
33
55
61
61
43
42
35
77
34
60
71
52
42
43
30
73
39
49
42
71
46
57
44
74
50
54
48
68
49
57
43
69
50
54
52
63
46
57
39
63
46
51
42
72
47
59
44
78
46
53
49
71
52
61
45
71
45
51
54
66
50
60
42
64
46
53
41
72
47
51
49
58
48
52
53
54
41
49
49
60
50
51
57
53
38
49
44
61
43
50
50
56
74
100
48
64
72
102
71
44
78
73
35
69
63
95
78
33
78
60
26
73
78
101
46
59
80
30
63
76
87
38
90
52
69
33
34
90
79
44
96
44
67
36
24
85
76
34
50
66
79
41
56
46
72
37
72
38
84
56
45
57
66
39
76
35
80
63
33
63
86
40
58
46
40
80
48
51
49
83
61
36
35
71
39
66
57
81
69
29
39
66
33
72
37
81
46
48
28
42
58
73
55
48
59
61
22
47
53
72
62
52
70
47
27
52
42
73
21
42
59
71
42
40
49
47
60
42
57
36
27
46
44
57
68
43
64
31
29
50
37
63
36
41
47
44
37
35
51
64
28
43
75
41
45
27
32
84
11
48
82
33
52
43
25
77
39
34
47
60
