47
19
-20
-21
25
16
-12
-35
68
17
-31
-11
8
21
-18
-31
81
7
-35
-14
66
18
-20
-32
49
-5
-28
9
43
1
-17
-5
47
-10
-46
21
27
10
-23
-8
48
-12
-58
21
65
-3
-32
10
52
24
-36
3
43
20
-23
-6
51
22
-52
12
24
18
-22
-8
52
15
-60
15
68
15
-41
9
47
31
-47
1
42
35
-25
-27
45
13
-66
16
25
34
-23
-35
49
2
-74
15
54
20
-47
3
45
2
-55
-41
36
-1
-18
-64
46
5
-91
-9
22
2
-8
-61
50
9
-105
7
51
-8
-66
-42
40
-32
-45
0
35
-32
-25
-28
38
-25
-61
24
20
-30
-21
-35
42
-17
-66
27
53
-21
-44
-2
38
-11
-36
-10
21
-19
-31
-23
54
-1
-45
4
-3
-24
-39
-20
68
-2
-51
13
68
-9
-22
-1
40
15
-32
-5
23
13
-28
-10
45
13
-46
2
-1
14
-37
-6
49
8
-58
7
61
8
-31
1
41
5
-32
2
24
1
-23
-10
56
16
-38
9
6
-6
-27
-12
60
5
-53
7
83
-3
-22
-6
33
-10
-14
-37
0
-18
-9
-41
76
1
-13
-25
-17
-19
-20
-27
96
4
-16
-18
79
-10
7
-42
-5
48
20
-42
-19
41
35
-57
8
44
-3
-17
-35
33
37
-55
28
27
-7
-19
2
54
6
-58
-16
-16
28
39
-31
-2
66
1
-5
-36
-20
71
-43
8
72
-10
8
-45
-39
68
-2
4
22
44
-13
15
24
29
-24
2
64
-9
-4
38
-23
70
-38
-4
74
-14
5
49
-41
75
5
12
15
35
-12
11
32
24
-39
14
67
-15
-4
1
-16
61
-59
14
74
-23
-1
-8
-42
65
7
20
21
27
-51
-6
14
-41
-71
-4
60
-54
-42
-12
-54
2
-78
-3
70
-48
-33
-19
-84
27
-11
-3
7
-12
-5
2
41
11
-51
-4
79
-27
20
15
-6
67
-76
-8
89
-32
30
28
-29
78
35
-1
47
23
6
-29
44
-8
-34
-25
65
-29
26
-27
1
30
-62
-24
62
-27
37
-25
-25
43
40
-35
43
4
-10
14
40
20
-38
14
68
-2
4
1
-10
45
-62
12
69
-4
11
-11
-38
47
10
21
25
26
-19
-2
38
24
-31
-6
71
-2
-6
14
-8
52
-43
-19
71
-12
5
2
-39
48
0
-19
22
6
6
-29
34
-67
-4
-32
34
-56
6
-15
7
-55
-16
-34
24
-39
17
3
-7
-46
5
-39
13
-73
6
39
17
-55
21
37
14
-66
-13
33
13
-29
16
32
15
-64
0
21
15
-27
-16
40
16
-73
15
-3
-6
28
22
9
16
-13
11
-17
-37
48
22
19
31
-26
8
-17
-49
45
-1
14
10
36
16
12
-4
17
28
5
22
-26
10
29
-33
44
26
2
36
-41
7
44
-44
55
4
7
-4
16
-37
-21
30
36
-29
-15
45
0
-34
-24
-2
59
-22
-6
47
-10
-24
-20
-13
58
-25
-8
36
50
-57
-12
42
1
-22
-9
49
-20
-47
-18
10
29
-1
-10
42
-22
-28
-21
-3
37
-37
-5
75
39
-44
19
62
8
-13
9
66
-27
-34
27
24
51
-4
0
57
-35
-13
33
4
60
-38
1
81
17
12
-10
38
-29
29
-5
46
-54
9
-20
-6
15
26
-8
41
-54
13
-24
-30
39
-8
-25
62
-12
-11
-31
28
2
10
-20
40
-35
-9
-41
-4
38
11
-15
38
-42
0
-29
-20
43
-23
-34
45
11
-32
10
33
12
0
8
47
-19
-28
14
-4
34
8
-11
42
-31
-15
-2
-30
30
-39
-2
49
14
-23
-33
20
-75
-3
-30
19
-69
-33
-16
25
-62
1
-31
19
-59
-12
14
34
-64
-24
-46
24
-77
4
43
-5
-70
3
43
14
-85
1
33
-26
-37
0
38
25
-85
6
12
-26
-38
5
43
-18
-77
12
40
-38
8
12
41
5
-39
12
26
-67
37
12
41
25
-54
7
12
-73
39
18
38
-41
7
14
-37
-66
2
15
-27
-7
-52
16
-35
-97
35
15
-14
27
-69
15
-27
-97
44
18
-18
-66
2
15
-33
-33
16
27
-27
7
-20
1
-30
-54
24
17
-21
30
-26
2
-18
-50
16
-8
-9
-9
44
45
22
2
4
57
12
42
-30
21
34
-40
40
55
9
50
-23
6
42
-52
56
20
22
20
31
51
-13
17
-3
64
-8
50
-38
26
-14
-28
36
56
-7
54
-36
13
-6
-46
50
11
-23
33
12
-7
-15
9
-23
-1
-13
52
-56
-12
-13
-44
29
3
-13
59
-55
-14
-9
-62
50
3
-26
10
-9
2
-51
6
7
5
-30
41
-33
-3
-61
-27
39
4
-19
52
-41
-7
-45
-36
37
9
-52
7
18
17
10
5
22
23
7
37
-14
10
22
-28
43
27
-8
47
-29
0
10
-45
32
26
-1
8
26
18
-38
8
-62
21
-33
26
-66
4
-19
-6
-43
13
-30
21
-56
10
12
4
-49
14
-45
-7
-66
-38
34
18
-52
-45
31
17
-55
-14
27
16
-40
-33
26
25
-53
2
4
17
-42
14
46
35
-50
-17
32
14
7
-46
22
36
-18
-5
31
-24
32
-45
26
38
-20
-11
21
-46
44
22
39
39
27
-10
-13
2
6
-19
-2
32
-27
-10
-25
-48
33
-25
4
35
-33
-16
-38
-72
45
19
-17
15
20
43
-5
-34
10
30
10
2
-28
34
-24
-71
26
17
22
23
-41
22
-26
-85
24
40
-7
-14
31
4
62
-50
-11
7
45
1
-70
4
70
-86
39
12
34
28
-85
1
70
-94
48
11
42
-50
-16
5
-53
-50
-28
2
-46
2
-79
6
-48
-86
17
2
-34
30
-85
2
-42
-91
32
-9
-40
-52
-28
-29
-24
-9
-7
-23
-26
26
-40
-24
-16
-50
21
-17
-23
38
-40
-21
-9
-68
28
-23
-14
-16
4
-2
-21
4
43
-8
-5
26
12
-6
-38
-19
47
-15
11
37
-1
-15
-34
-32
33
6
-6
11
66
-11
-6
6
51
-21
-10
33
14
-8
17
-18
59
-21
-15
41
-5
-15
20
-38
43
5
-16
14
48
-17
-33
9
-42
-26
-35
20
-49
-7
-15
4
-31
-27
-36
22
-46
9
2
15
-40
1
-33
6
-49
23
49
21
-43
5
49
21
-55
34
36
11
-24
-6
45
32
-58
40
13
3
-23
47
60
17
-53
21
14
28
30
3
19
58
-4
20
-7
-17
52
-12
28
70
-15
15
-21
-45
54
38
32
19
25
1
11
5
42
-15
9
56
3
8
7
-42
64
-27
12
80
-9
11
-5
-65
54
16
-1
-11
43
-4
-46
1
18
-16
-36
45
-21
-3
-48
-41
39
-22
-24
64
-31
-1
-36
-59
36
-1
-36
-22
10
-41
26
-2
5
-55
13
38
-27
-35
42
-49
35
-52
7
52
-31
-41
49
-71
39
-37
18
-17
3
-66
-27
-4
-12
-66
-11
33
-38
-53
-38
-55
10
-64
1
42
-40
-50
-40
-73
21
-45
-19
-14
-7
-13
-13
6
17
-25
-8
28
0
-13
-12
-27
32
-23
4
36
-1
-15
3
-36
36
-27
-1
16
40
-17
18
19
60
-16
22
34
41
-13
-8
0
57
0
27
44
26
-7
-16
-11
42
-17
27
22
66
-13
-1
23
62
-11
-3
40
25
-9
12
6
67
7
-13
42
-1
0
13
-11
40
-8
-24
41
47
-1
-21
30
-36
0
-16
18
-33
4
-8
40
-31
7
-12
13
-30
24
17
55
-47
10
-35
49
-33
31
64
7
-46
53
55
35
-70
2
63
-19
-6
58
49
48
-72
-4
44
-33
4
0
68
-4
-57
-10
-35
38
33
29
-13
77
-13
-16
-55
-11
75
56
5
84
-27
-18
-51
-37
79
-28
1
13
4
-33
-6
30
44
-21
-6
57
19
-26
5
-14
59
-2
-3
56
6
-20
9
-33
48
-48
-20
27
59
-20
-12
14
27
-11
-3
36
2
-21
-21
-17
36
1
5
40
-11
-21
-25
-29
33
-32
-9
12
31
14
2
0
43
21
2
20
24
7
-1
-21
37
37
10
30
10
-1
0
-29
24
-10
19
8
59
4
5
13
43
16
10
27
28
3
-12
-5
38
35
19
28
12
-6
-15
-14
28
0
12
11
48
3
-2
27
50
17
1
41
45
3
-14
5
45
39
13
36
36
-7
-3
-5
39
12
-5
11
46
4
13
33
57
22
11
48
50
1
-4
8
47
39
18
43
40
-6
-6
-8
37
0
6
21
48
6
8
34
51
27
3
52
28
-3
21
10
51
35
-11
46
7
-5
3
-13
32
-24
-21
50
29
12
-14
31
-18
34
-7
33
-17
-8
-2
22
-19
30
-5
25
-17
4
19
35
-43
-5
-25
25
-31
-50
46
-39
-37
-33
42
-18
-69
-56
41
-66
-9
-12
41
-16
-79
-60
34
-79
2
-51
42
-44
-43
-41
-35
-52
8
-39
-21
-33
-22
-39
-43
-69
29
-20
-5
-32
-35
-42
-43
-71
39
-69
-16
-59
-5
-16
-15
-60
18
-24
-19
-53
24
-20
2
-66
8
-8
-9
-63
28
-33
15
-64
14
-52
-6
-55
34
-19
10
-57
29
-20
11
-55
40
-26
6
-57
9
-4
22
-66
42
-38
-2
-57
13
-43
17
-63
39
-20
10
-44
40
-20
5
-48
55
-25
11
-43
17
1
7
-64
56
-39
-3
-49
14
-36
13
-50
46
-16
8
-18
35
-19
5
-32
54
-15
2
-25
20
8
11
-64
59
-35
-1
-36
18
-21
5
-24
35
-20
-1
5
35
-23
-3
-12
55
-4
-9
-10
26
16
12
-56
60
-23
13
-23
20
-6
-2
-8
26
-20
-2
11
37
-25
-6
-7
55
-1
-11
-7
30
22
11
-54
60
-21
18
-21
19
-8
-4
-3
30
-17
8
7
32
-21
-3
-5
35
-6
14
-11
35
19
-3
-45
30
-20
15
-33
15
-14
-7
-1
14
-4
-1
-9
-13
-7
5
-15
-10
-16
-2
-11
-10
5
10
-36
-14
-19
13
2
-38
-4
-10
-17
-29
