-21
-2
-12
-20
-21
-3
-21
29
-10
-21
-21
-21
0
2
-5
-21
1
-21
-21
11
-21
-21
-6
-13
40
-20
-21
-21
-21
-21
-21
-21
-21
-21
38
-21
-21
-18
-21
28
-1
-21
-4
-21
-6
-21
-4
-21
-21
-8
-3
-21
-21
-18
-21
-21
-17
-21
-21
-4
9
29
-19
-21
-21
-5
21
7
-21
-5
-20
-4
-10
16
-21
20
-9
-5
-7
-21
-21
-16
-21
15
-21
-16
-7
-7
-20
-21
2
7
-5
-21
-21
-21
-21
-21
6
-21
-21
-21
-21
-6
-5
-21
12
-21
-21
-21
-14
-21
-21
-8
-21
-2
-21
2
-21
0
4
-21
-21
6
-15
40
8
-4
-21
-21
40
-4
-21
-1
-9
-20
9
-21
-21
-4
8
-14
-15
17
-21
24
-21
6
-21
-13
-20
-1
-21
-4
16
7
17
-21
-21
-14
-21
-21
8
-21
-21
-12
-21
-21
-14
-21
-21
-21
-21
-21
-15
-21
-21
-8
-21
-4
-21
51
-21
-17
4
-21
-21
2
-21
32
-2
13
-21
-21
19
-10
-21
0
-21
19
-19
5
-20
-19
3
-10
-21
-13
-21
-2
-21
12
-21
7
-21
-10
-18
-21
-2
-10
6
-21
-21
-9
-21
-21
5
-21
-17
-21
-21
-21
-9
-21
-21
-21
1
-21
-18
-21
-21
-7
-21
-21
-21
-13
-21
-20
-4
-21
17
-11
-3
34
-21
-17
-21
-21
-12
-8
-21
0
-21
29
-7
-21
5
-18
38
-7
-21
-7
-14
-5
-21
6
-21
38
-21
-14
-21
-12
-14
-21
26
-21
-21
-21
-21
-21
19
-21
20
-20
-21
-21
-3
-21
-21
-21
1
-21
-21
-16
-21
-8
-21
-21
-21
-19
-21
-7
0
-21
-21
-17
-3
4
-21
-21
1
-10
-15
-10
-9
-8
-21
-21
-5
-16
-21
-21
-7
0
-5
-21
20
-21
-21
-21
-21
-21
-21
-21
69
-21
-21
13
-21
-13
6
-21
-20
-21
-21
-10
-21
-21
-21
43
0
-14
21
-11
4
-21
0
-21
-16
-8
-5
-12
-17
-19
-8
-21
-21
-21
-21
-21
-18
-9
-21
-15
-3
25
9
29
34
-17
-9
-21
13
43
-21
19
-21
-17
-3
5
-21
-21
-8
-21
-21
-21
-21
-14
-21
-21
-21
55
-21
-17
28
4
-15
-21
-21
-9
-21
-12
-21
-4
-6
-21
59
-21
-21
-21
-6
-21
-1
-10
-13
30
-21
-16
-7
-21
-2
-21
-21
-21
-21
-21
16
31
10
-21
21
16
40
-10
-19
-21
3
-21
25
-6
-21
-21
-8
25
-21
-21
29
-21
-21
-21
-21
-14
-21
0
12
14
-2
-16
1
-21
-7
-21
-21
-1
-9
-10
-21
-21
-21
-21
-3
-21
-21
-21
-2
-21
-21
-16
-21
55
13
-21
-4
-21
-19
-21
5
-21
-16
-21
12
58
-2
-21
-5
0
10
-10
-21
-21
-21
15
23
-20
-17
-6
-21
-1
-21
-21
-17
-21
-21
11
-21
1
12
-17
4
-1
-20
-16
-1
-1
-9
-21
-21
1
1
-10
-16
-21
-21
-21
-21
4
24
-18
-6
-21
-21
-3
-21
-2
-8
-21
-21
-21
-21
8
-8
-21
-20
-16
-21
17
-9
-21
-21
10
-21
0
-21
-21
-21
-21
25
-20
18
1
-21
17
-1
-15
-21
-21
-21
4
-21
-8
-21
0
10
-21
-21
-18
9
-21
-3
-21
-21
-7
48
-17
-21
-21
-11
-21
-21
-21
19
-21
-21
-21
-21
-6
-21
-11
-19
-21
-21
-8
-21
-8
-21
-21
-12
-21
-21
-20
-15
4
-21
14
-8
-21
-21
-21
2
-16
-21
-21
-14
-21
-5
-21
-18
-21
-2
-21
-18
-21
-21
-21
91
-21
-21
25
-21
-10
-21
-12
-21
12
-1
-21
-21
1
-21
7
-19
-21
41
-21
-4
-21
-1
-21
-21
-21
-7
-14
-21
29
17
-8
-21
-19
-21
-6
-13
4
-7
-21
-21
18
-21
37
-21
-21
8
-21
-6
-21
34
24
-20
-21
-5
47
-21
-20
-1
-21
-21
20
-21
9
-21
-21
26
11
-21
-10
5
0
-21
3
-5
-15
-21
10
16
-21
-21
-21
15
-8
-21
-21
-3
-21
6
-21
-8
-21
10
-20
-13
2
-21
3
7
-21
-21
19
-19
3
-7
-19
-21
-13
-21
-21
34
-19
-21
-21
46
-19
-21
-21
2
-2
-21
-21
13
-21
-21
26
-21
-21
-16
-21
27
-21
-21
-8
69
-15
-21
22
-6
-17
10
3
8
-21
-21
-21
16
12
-21
-21
3
-21
54
-21
-21
-14
-4
-21
-5
6
-20
-1
-5
-21
-21
-6
-21
12
-8
-21
-21
1
-9
-21
19
-21
-21
35
3
-21
-21
-21
-12
-21
-21
-19
-21
-21
-21
-21
-20
-21
7
-21
-14
-7
-21
-3
-1
1
-21
-10
-21
-21
-7
-2
3
-21
-21
-21
-21
-9
-18
-21
-11
-21
5
-21
-17
-21
-13
-12
-11
14
-21
-5
-7
-6
-21
-12
-1
-7
-10
-21
-21
25
-8
-21
-17
-20
-21
-21
35
-20
-15
-14
-21
31
-21
-10
-16
-21
-21
25
-21
-17
-21
-4
14
-21
-21
6
-2
-19
-21
22
-2
-9
48
2
-2
-21
-21
-21
-21
-21
37
-21
-21
-16
-21
-3
-21
-10
-18
-9
-21
-6
-21
-3
-19
-9
-16
-21
-21
-21
11
-12
-21
-17
-7
-21
-21
-8
-21
-21
-21
-21
-21
-21
-5
-21
-21
-21
-9
-21
-21
-21
-21
-21
60
-21
-21
-21
-21
-10
-21
-6
-21
-15
-21
-3
-21
-21
24
-21
4
22
-15
17
-21
-21
-1
26
6
-21
-2
-21
-2
-21
-21
-21
-21
-4
-21
-21
-21
-21
-16
-21
-3
-12
-21
-11
34
-21
-7
-17
-21
-21
-2
0
-21
-21
-6
18
-21
-21
25
-21
-21
-21
-19
-21
-21
-21
-20
-21
-21
-12
-21
-4
-21
-21
-21
-21
-21
-21
17
-21
-21
1
0
-11
-21
-21
-3
34
14
-21
-1
-21
-20
-21
-21
-21
-21
-3
24
-21
-21
-21
-17
-21
-18
-21
-21
-21
8
-21
32
-17
-21
-17
0
-21
-21
-21
-9
-21
-21
-21
-21
-17
-21
-21
-17
-14
-17
-21
-16
-21
-21
-18
-21
-4
-21
-21
-21
-21
-21
-21
57
-21
-21
4
-6
-21
-21
-21
3
19
-15
-21
-14
-21
-21
-21
-21
-21
-21
-6
-5
-21
-21
-21
-3
-21
-18
-19
-21
-21
-4
-21
44
-21
-21
-21
-14
-21
-21
-21
-21
-21
-21
-21
5
-21
-21
-21
-21
-16
-21
-21
-21
-21
-21
-21
-21
-4
-17
-21
-21
-19
-21
-21
47
-21
-21
-9
-21
-21
-21
-21
-4
10
-21
-21
13
-21
-20
-21
-21
-21
-21
-12
-5
-21
-21
-21
1
-21
7
-21
-21
-16
-1
-21
-1
-21
-21
-21
-14
-21
-21
-21
-21
-2
-21
-21
-10
-21
-21
-21
-21
-21
-21
-21
-21
-21
-21
-21
-21
-5
-21
2
-21
-21
-12
-21
-8
-21
-21
24
-21
-21
-10
-21
-9
-2
-10
-21
-21
-21
-20
-21
-21
-21
-21
-8
-9
-21
-21
-21
-21
-21
