38
35
-38
-43
19
50
-21
-57
52
21
-58
-14
5
58
-7
-61
57
6
-73
6
48
44
-47
-40
57
15
-23
21
63
13
29
7
49
27
-62
32
63
18
52
-10
52
30
-76
28
77
10
-19
38
81
-8
10
21
74
-16
49
-3
75
3
-33
37
67
-22
58
-8
66
10
-58
38
96
-20
4
23
49
-27
-35
-8
39
-20
3
-23
55
-32
-60
5
35
-24
26
-35
55
-26
-73
5
70
-19
-33
2
42
-39
-29
-59
24
-46
-12
-70
59
-23
-51
-20
8
-51
-4
-69
65
-11
-65
8
59
-38
-24
-49
-26
49
6
-34
-4
65
8
-60
-4
30
-8
-7
7
69
12
-73
1
15
-27
9
-16
63
6
-37
-32
35
26
59
-19
28
75
26
-27
46
-17
81
-1
28
95
-1
-18
38
-41
65
-15
42
49
85
-40
-27
64
41
-59
-30
112
-4
-19
-16
2
98
-37
-27
116
-26
-11
5
-32
106
-26
-42
46
34
-25
-26
27
-16
-14
-21
53
-47
-20
-40
-14
25
-4
-29
57
-63
-18
-43
-42
35
-14
-29
29
-4
-13
-48
43
-47
-2
-52
31
-55
11
-43
23
-7
1
-53
14
-55
17
-37
-2
22
-10
-61
42
-52
36
66
3
-19
27
76
15
-52
-3
51
-12
6
13
81
23
-69
-10
33
-31
15
10
83
5
-23
-3
-35
-29
37
15
-17
14
-10
-16
-50
-49
56
23
-4
34
-43
-16
-50
-61
48
-13
-26
-7
47
-55
-38
-37
9
-30
-38
-13
-14
-78
-33
-36
25
-7
-39
1
-36
-71
-21
-47
33
-81
-45
-13
19
-19
11
-12
16
-3
-1
7
-6
-30
15
-21
24
0
-13
18
-24
-32
9
-33
22
-19
12
-3
11
8
-59
31
-51
4
-65
25
-69
-24
-52
22
-5
-5
-61
22
-69
-26
-45
-4
24
-8
-69
39
-54
-53
34
-37
-26
-35
40
-21
-50
-53
21
-62
-6
-14
38
-7
-64
-57
11
-78
7
-42
28
-36
-24
-47
-26
-32
35
-60
-8
5
6
-37
-40
-55
43
-58
3
29
-15
-40
-38
-69
35
-47
-24
-39
28
-30
-5
-35
37
-21
-11
-26
22
-22
-3
-37
24
-21
-12
-15
10
-29
-5
-47
10
-31
-18
-39
32
-27
0
-34
45
-31
-13
-22
28
-17
6
-33
28
-32
-18
-12
17
-20
4
-40
12
-29
-14
-43
31
-28
-19
-22
-1
-26
-17
-13
-10
-43
-22
-23
2
-20
-19
-5
-14
-48
-23
-34
6
-36
-21
-20
-6
