36
-16
-20
21
5
39
-20
-20
-20
-20
-20
25
5
-12
-20
-9
-20
74
2
-20
-20
-20
97
-20
36
-17
-20
-5
1
-20
-20
-20
-20
16
-20
1
-20
127
-20
-20
44
-13
-20
57
-20
8
-20
-4
-20
-16
-16
-20
-20
-20
-20
-20
-20
-20
-20
-20
43
-20
-20
114
-20
-3
-20
27
-18
30
-20
-20
32
-14
-20
18
30
-20
14
10
-20
-20
5
-20
-20
-20
-20
9
-19
-8
36
-1
-20
-20
13
-11
0
-20
-20
-20
12
-20
10
27
-20
19
4
-20
-20
-20
-20
-20
-5
64
24
6
-20
-7
20
-17
-8
21
2
-8
5
-20
-20
-20
-16
-20
-6
-20
-2
-20
83
106
60
-20
-8
-20
-20
9
-20
-20
-5
-10
9
17
56
-20
7
-20
-20
-20
44
-20
3
-20
-20
16
-20
-20
10
-20
-20
-20
19
-20
-1
7
46
-20
-20
-20
-20
-20
3
-20
24
4
-14
-19
-20
-10
-19
-6
38
-20
-20
3
-10
13
