20
67
58
72
20
61
54
63
10
52
49
61
12
51
47
63
-7
40
38
52
-3
33
30
55
-11
41
38
49
-7
29
28
51
-5
41
40
49
-2
34
33
52
4
46
40
51
7
51
37
58
21
67
48
61
23
73
50
68
8
66
43
66
15
81
41
60
10
76
42
63
17
101
61
68
13
83
53
72
20
99
62
71
21
78
62
78
26
78
53
71
26
71
57
69
28
68
50
70
13
59
46
62
15
57
42
63
9
56
50
64
11
47
37
62
15
57
50
63
18
55
45
68
16
60
49
60
20
60
47
70
21
61
52
62
24
61
45
69
16
54
48
61
18
53
44
69
18
56
51
66
18
56
46
68
19
68
61
76
20
53
49
69
27
64
58
66
29
70
67
70
7
47
42
48
11
59
52
64
-7
44
36
48
-2
40
25
51
-10
44
35
46
-6
37
25
47
-5
40
34
42
-3
41
35
53
5
49
39
50
6
55
43
62
20
67
46
62
21
76
53
76
4
62
44
67
8
80
43
71
4
72
41
60
9
112
58
76
5
69
43
62
10
105
61
78
16
64
53
69
20
76
52
75
17
60
45
58
19
66
49
70
11
51
40
51
13
62
46
64
4
47
41
52
7
52
37
63
8
50
41
51
10
61
42
66
10
54
40
50
13
66
46
71
16
55
44
55
19
66
46
70
17
52
47
59
19
60
50
72
26
57
54
65
26
67
58
74
32
63
65
75
32
63
66
77
20
63
61
67
21
70
61
65
7
54
49
51
9
59
50
61
0
47
42
43
3
45
39
53
-6
41
35
37
-3
42
37
50
-3
42
39
40
-2
43
42
50
11
61
52
55
9
54
54
61
22
72
63
67
21
63
60
68
11
56
55
63
15
69
54
67
1
59
47
54
5
92
60
67
10
63
56
63
15
84
58
67
13
55
55
56
17
61
52
60
4
49
42
45
8
54
50
61
-4
40
41
42
0
49
40
53
1
46
48
46
4
46
40
52
0
50
43
46
3
52
39
53
9
56
49
49
12
58
48
61
5
51
47
49
9
55
44
54
2
47
50
53
5
49
45
54
12
52
59
60
14
56
53
58
21
60
65
70
22
59
57
65
23
72
67
74
23
66
56
66
24
68
64
64
24
64
69
75
6
51
50
51
8
52
53
60
0
49
46
46
2
51
51
57
10
57
55
49
10
57
65
64
20
61
60
55
18
65
78
74
24
68
65
62
25
67
75
73
9
54
58
55
13
60
59
65
2
54
53
45
3
73
64
62
6
53
57
52
11
67
55
59
8
51
49
43
13
66
57
53
-3
48
36
38
2
61
57
55
5
45
49
41
9
58
56
53
9
50
60
48
12
53
57
54
10
56
56
51
13
53
52
57
28
66
65
61
30
65
64
68
26
67
65
62
29
65
63
65
15
55
60
54
18
62
60
63
10
46
57
56
12
61
59
62
22
65
71
73
24
65
62
67
32
76
77
71
31
68
74
75
30
73
71
65
30
76
83
82
24
81
71
74
25
65
67
71
17
74
70
71
17
57
66
68
20
71
71
63
19
63
73
70
18
71
66
59
17
66
74
73
18
71
67
61
20
67
72
71
11
53
65
54
15
57
63
60
10
51
65
48
12
66
70
56
2
46
56
45
7
58
56
51
0
48
46
38
6
69
56
50
1
61
44
46
7
75
58
58
13
63
58
56
17
75
65
66
19
62
67
59
22
70
73
71
17
55
65
59
21
59
65
67
36
64
70
70
36
70
74
76
29
68
72
80
29
69
76
77
9
42
57
63
10
58
69
72
1
36
48
58
2
58
62
70
20
65
68
79
21
66
67
76
27
79
79
79
26
71
76
82
27
77
76
76
25
77
75
83
33
80
78
76
32
71
73
76
21
66
70
63
21
71
76
71
19
68
73
59
20
80
83
68
5
62
68
63
8
72
64
59
4
51
60
53
7
63
56
56
-2
41
54
45
4
53
57
56
-1
41
57
48
2
49
60
54
0
41
56
42
5
52
59
52
2
48
52
44
7
70
58
52
5
67
60
56
10
77
56
57
10
78
65
63
13
83
64
68
20
80
72
64
22
84
83
77
14
56
67
60
18
62
65
66
11
49
60
58
14
58
56
63
9
47
62
63
12
55
64
69
-8
34
53
53
-2
51
54
57
-6
39
57
57
-2
55
60
58
24
64
79
83
26
63
69
69
26
74
71
77
26
72
70
81
25
67
68
68
25
71
70
77
20
60
62
55
20
75
76
70
9
58
57
52
12
88
84
62
7
71
62
55
10
108
94
66
-1
59
60
53
3
88
79
59
-8
45
53
44
-3
64
61
55
-4
44
52
42
0
55
64
56
-8
47
63
50
-4
43
59
47
-5
46
60
45
-2
48
60
47
-6
45
56
43
-4
54
59
44
10
59
70
54
12
67
68
55
17
66
74
58
20
80
80
66
16
64
70
54
18
85
89
72
6
51
65
53
11
66
66
62
-7
40
50
52
-3
46
42
55
-2
44
51
49
1
51
48
58
-3
50
52
51
0
50
45
55
3
47
55
49
5
58
63
58
19
60
72
71
21
56
60
62
24
62
67
68
24
66
64
68
17
58
63
59
18
65
63
68
10
54
58
48
13
71
67
63
-2
63
57
50
4
78
73
58
2
70
64
56
6
92
79
61
-5
54
63
53
0
71
71
55
-12
52
64
55
-7
51
52
48
-2
51
59
47
3
57
60
53
-4
47
63
48
0
50
66
52
13
47
70
49
15
62
91
61
22
53
75
54
24
75
101
63
7
49
73
54
10
63
89
63
2
47
61
44
3
63
78
65
6
52
63
46
8
68
82
68
-14
39
54
44
-9
45
56
51
-11
36
48
43
-9
36
48
50
6
50
56
54
7
49
54
58
14
58
64
56
16
57
64
63
13
51
58
46
16
66
77
67
10
51
62
58
14
58
60
63
4
50
55
57
7
48
44
52
-2
44
55
48
2
48
51
52
-1
52
62
50
4
53
55
48
1
57
62
51
7
65
59
54
4
58
64
56
8
66
57
55
-13
40
52
41
-7
48
52
50
-8
41
54
44
-4
41
53
52
2
48
61
49
5
48
61
57
8
55
66
56
9
56
71
60
21
65
70
58
21
80
103
73
15
68
71
52
17
88
119
73
2
49
67
54
5
65
95
62
-13
34
50
40
-12
44
63
53
-27
25
43
36
-22
33
46
48
-40
17
36
32
-33
19
33
40
-31
20
34
33
-25
24
30
42
-12
32
41
39
-7
36
43
52
-12
36
48
45
-5
33
42
53
2
44
56
54
4
46
58
62
10
55
67
64
14
51
55
64
0
45
47
50
5
47
39
49
-10
41
43
41
-6
41
44
51
-15
38
44
43
-12
29
41
46
-8
44
52
44
-4
35
51
52
-5
44
56
46
-1
38
59
51
-5
42
53
44
-2
43
60
51
-6
37
49
42
-2
44
61
55
-5
34
49
42
-2
43
64
59
-1
41
62
53
1
43
66
58
8
59
71
61
9
70
83
64
4
69
69
62
4
75
91
68
-7
46
64
55
-3
54
70
55
-20
24
40
35
-16
30
50
52
-30
17
33
32
-24
20
37
49
-40
20
31
32
-29
15
26
41
-38
25
30
37
-26
18
13
34
-30
29
35
42
-18
24
17
37
-17
37
46
45
-7
33
31
48
-13
39
46
49
-8
30
39
53
2
55
59
64
5
36
39
56
1
48
49
49
5
51
44
48
-2
44
41
40
1
47
52
58
-2
41
46
44
1
36
53
57
9
48
55
50
11
45
67
63
20
49
64
55
20
54
89
70
16
45
60
56
16
55
87
67
-1
35
48
48
2
50
75
62
-5
31
46
44
-3
42
68
60
-4
38
56
46
-2
41
63
56
-6
44
54
46
-2
53
56
57
-14
40
50
45
-10
46
52
55
-32
23
41
36
-24
27
39
41
-35
12
29
29
-28
19
34
42
-38
17
30
35
-27
18
20
38
-60
9
17
32
-47
1
-6
25
-76
0
11
30
-61
-10
-16
15
-72
5
12
34
-59
-5
-15
16
-48
21
29
45
-37
11
1
27
-5
44
50
59
2
42
32
52
-2
48
51
60
4
36
34
56
2
54
54
53
6
46
47
51
3
51
47
49
6
42
57
61
2
48
49
51
3
39
56
62
-2
44
52
53
0
36
53
57
13
54
66
63
13
47
75
68
9
43
60
59
10
44
69
62
-8
31
48
50
-5
35
57
55
-17
28
42
44
-14
28
49
51
-25
26
36
39
-20
26
39
49
-26
29
38
37
-18
25
31
48
-29
32
39
42
-20
21
22
43
-30
28
37
41
-20
17
22
41
-45
18
29
39
-34
10
10
33
-66
6
19
33
-51
-4
-6
22
-97
-10
6
18
-80
-27
-23
3
-114
-18
-1
9
-96
-40
-31
-7
-107
-14
2
12
-89
-36
-27
-4
-76
2
13
27
-62
-12
-13
12
-34
28
31
50
-24
24
12
35
-5
44
47
58
4
43
28
51
21
64
64
65
23
56
65
61
23
68
68
67
24
56
76
66
17
54
62
58
18
46
73
61
2
54
53
55
4
39
49
55
4
55
53
56
6
41
49
60
-4
49
50
55
-1
33
44
55
-11
43
44
50
-8
28
41
55
-8
44
43
48
-6
25
45
54
-25
36
36
42
-19
18
35
48
-20
39
39
46
-11
28
28
47
-32
32
32
48
-21
23
13
39
-48
21
22
42
-37
13
0
32
-65
12
16
35
-52
-2
-11
22
-81
3
11
27
-66
-16
-18
13
-98
-6
5
17
-81
-30
-25
3
-106
-9
4
12
-87
-36
-27
-2
-103
-9
7
14
-84
-33
-24
-1
-80
3
16
25
-63
-14
-12
9
-38
26
29
42
-24
22
13
31
-6
47
43
59
4
45
23
48
29
73
70
77
30
66
71
76
27
64
65
65
28
70
88
83
27
59
71
74
27
61
82
76
22
61
63
71
24
55
63
67
24
63
59
72
24
56
61
68
21
65
60
65
22
51
62
63
8
58
57
60
10
41
58
62
12
53
54
57
15
38
65
67
-14
37
40
53
-10
21
48
55
-21
39
37
48
-10
29
36
49
-44
27
24
39
-29
19
13
34
-60
18
16
33
-45
4
-1
24
-70
13
11
29
-55
-6
-9
19
-74
11
9
27
-59
-11
-13
15
-80
8
8
25
-63
-15
-16
12
-80
8
10
24
-64
-16
-15
10
-78
8
14
26
-61
-14
-13
10
-66
15
22
32
-50
-2
-4
17
-36
30
31
43
-22
26
18
34
0
48
51
62
9
48
34
51
13
74
73
79
17
60
60
66
18
64
66
65
21
68
81
77
5
58
65
69
8
53
70
67
13
58
59
68
15
52
62
67
17
64
59
74
19
55
61
69
19
77
68
80
21
62
64
68
11
61
64
72
14
49
64
63
14
54
60
63
18
46
64
64
-1
48
52
64
4
36
53
60
-7
47
50
57
2
34
46
55
-19
46
46
52
-5
32
35
46
-35
38
38
47
-20
20
21
35
-43
34
31
45
-28
15
14
30
-44
34
28
46
-30
13
11
30
-43
34
27
47
-29
14
10
29
-44
33
29
46
-29
14
11
29
-40
34
34
46
-25
16
16
31
-32
40
41
49
-17
23
23
37
-11
48
49
56
1
43
40
50
-4
59
55
63
5
49
43
53
