-25
14
7
26
-25
14
2
28
-27
26
13
35
-26
19
9
34
-50
31
16
45
-32
0
-3
26
-24
36
7
40
-20
33
6
43
-27
26
-2
34
-22
30
5
41
-36
17
-10
24
-20
30
12
55
-31
30
-2
41
-28
31
0
43
-32
18
-11
35
-27
31
2
48
-41
9
-17
29
-27
21
-1
42
-10
60
17
51
-9
65
22
54
-13
46
5
42
-6
63
23
56
-17
34
-3
35
-9
48
9
53
-3
93
37
46
-5
82
30
42
-1
92
34
44
-3
68
26
39
-15
77
22
44
-8
64
18
42
-18
62
23
39
-16
70
30
46
-19
44
8
30
-16
67
30
48
-23
26
-3
23
-15
59
24
49
-25
28
3
37
-22
28
4
41
-28
25
2
38
-22
34
9
47
-37
19
-3
34
-25
16
-2
36
-32
13
-9
40
-27
15
-7
42
-34
4
-15
37
-28
22
-2
48
-44
-1
-20
30
-29
2
-9
42
-26
16
-2
47
-23
19
0
48
-32
3
-12
42
-24
21
2
48
-35
-7
-19
33
-22
12
3
51
-35
3
-5
26
-31
3
-9
25
-38
15
3
39
-34
5
-3
25
-58
18
6
47
-38
-14
-14
20
1
36
29
59
-4
25
14
40
1
47
39
70
-3
15
8
30
-13
49
41
72
-7
29
27
59
-15
42
19
63
-17
39
19
61
-13
39
14
55
-14
26
12
48
-21
26
-4
38
-17
44
30
79
-19
41
19
59
-20
38
17
54
-16
31
12
51
-17
26
10
45
-25
17
-4
34
-19
46
31
69
-10
56
24
60
-8
50
21
52
-9
52
19
57
-9
33
12
39
-17
42
8
48
-11
55
28
70
-13
81
31
56
-14
54
17
38
-10
85
33
59
-13
28
3
21
-22
78
16
52
-14
69
28
70
-14
57
31
55
-17
49
27
44
-13
50
27
57
-18
32
18
29
-22
38
14
50
-17
59
38
71
-8
44
25
62
-10
30
17
48
-7
44
27
65
-10
14
9
34
-16
38
20
59
-9
47
30
71
-14
33
14
61
-14
24
11
52
-12
28
12
59
-14
17
6
41
-19
16
3
46
-13
38
26
70
-10
35
20
66
-12
29
17
56
-11
29
15
63
-8
18
9
41
-14
14
4
49
-10
39
31
73
-18
23
13
50
-19
6
-3
24
-16
31
23
67
-21
-12
-15
5
-30
33
29
70
-21
19
15
50
6
40
41
52
3
30
28
35
8
49
48
64
7
20
23
28
-7
53
51
71
1
35
33
49
-7
42
38
53
-7
41
44
56
-7
34
26
46
-6
35
42
51
-12
24
14
35
-5
47
45
74
-6
45
54
54
-7
38
51
53
-6
36
42
45
-3
31
45
50
-10
27
20
34
-3
41
49
67
-27
23
27
36
-22
22
27
33
-28
18
19
36
-27
14
22
29
-35
13
10
33
-25
30
36
58
-34
28
13
31
-31
16
9
22
-35
28
11
33
-37
2
2
14
-49
27
2
33
-34
31
22
59
-19
30
28
43
-16
20
22
32
-19
28
27
45
-23
6
11
20
-30
27
20
44
-20
36
37
67
3
45
45
58
5
29
34
43
6
47
47
61
1
14
23
31
-4
47
41
60
3
42
44
66
-14
26
19
47
-12
23
21
43
-11
19
14
45
-16
18
21
38
-19
14
9
41
-15
28
24
57
-20
17
13
45
-15
17
18
44
-19
7
6
41
-19
10
14
34
-26
2
0
34
-20
24
27
63
-19
9
17
38
-19
-1
4
17
-19
17
26
57
-20
-12
-5
5
-30
27
34
70
-24
3
11
36
13
60
58
58
14
49
46
41
17
61
57
64
13
34
36
29
5
59
54
66
10
50
50
56
5
66
68
58
8
73
77
63
7
48
45
43
10
70
74
58
3
29
25
30
6
58
64
66
2
69
83
52
7
71
86
57
5
43
55
32
6
67
81
55
-1
22
27
16
3
54
69
59
-24
27
43
30
-17
31
51
36
-24
12
28
21
-25
29
52
41
-34
3
15
13
-20
22
39
51
-21
31
42
32
-16
22
40
34
-22
28
36
27
-24
10
33
32
-31
21
21
16
-16
35
43
63
-13
34
45
38
-8
25
41
38
-13
35
42
36
-15
10
32
31
-21
31
30
30
-9
40
46
64
7
49
60
55
9
37
50
45
8
53
61
57
3
19
38
33
0
49
53
53
6
45
54
63
-16
27
29
43
-13
29
33
44
-14
20
22
37
-19
21
30
38
-23
10
13
28
-16
27
34
55
-22
20
27
46
-16
21
32
49
-17
11
18
37
-19
14
27
41
-28
1
5
25
-20
22
39
60
-13
15
35
43
-8
13
27
27
-11
18
41
56
-13
1
17
15
-26
21
43
66
-17
6
27
38
-18
27
35
34
-16
9
16
10
-16
38
44
51
-17
-4
4
-2
-37
46
50
61
-21
24
32
36
-23
28
50
41
-16
22
44
30
-22
24
45
39
-17
9
28
16
-33
19
37
35
-19
36
58
57
-29
29
62
31
-23
20
54
23
-27
24
54
29
-23
11
41
16
-37
16
38
21
-23
32
68
52
-31
13
58
19
-21
13
59
21
-29
3
46
16
-27
10
55
22
-42
-4
35
9
-28
12
58
38
-9
41
89
40
2
43
92
48
-5
22
64
26
-4
37
84
49
-12
5
42
15
-6
31
74
52
3
52
96
49
10
51
94
54
8
33
74
36
6
41
83
52
-1
17
53
25
2
36
72
53
-8
40
56
42
-1
36
57
45
-4
34
46
38
-8
25
50
39
-12
26
36
29
-9
36
54
56
-28
17
34
32
-19
18
39
35
-19
8
27
29
-26
12
35
30
-35
-2
18
19
-31
22
45
43
-31
14
36
35
-16
17
44
40
-19
-2
19
24
-21
13
39
34
-36
-15
7
12
-29
20
54
47
-18
9
36
37
-13
10
30
26
-16
16
39
47
-15
1
23
16
-30
17
40
54
-22
4
34
34
-17
19
41
28
-13
5
25
9
-13
27
50
44
-18
-4
18
3
-35
36
56
53
-22
23
42
33
-4
30
66
44
5
26
59
36
-1
24
61
41
-3
17
47
27
-14
18
52
34
-3
38
76
57
-4
31
87
43
9
35
86
43
2
15
70
30
1
30
76
40
-10
0
52
18
-3
35
90
49
-21
16
82
26
-2
17
81
27
-10
5
67
21
-13
11
71
26
-28
-7
52
13
-18
14
81
32
-40
4
54
17
-24
3
56
19
-32
-3
42
13
-31
-6
47
15
-49
-14
32
3
-39
12
61
32
-36
5
52
17
-28
-6
42
11
-29
9
52
24
-31
-15
32
7
-46
3
43
18
-40
14
49
28
-39
2
28
10
-24
-3
32
13
-30
-3
20
11
-33
-6
33
14
-48
-12
15
5
-41
23
40
24
-48
0
17
10
-29
-6
20
10
-33
-13
6
7
-37
-8
23
11
-58
-21
-3
0
-48
28
39
22
-44
-1
13
15
-27
-8
14
11
-31
-11
5
14
-35
-9
15
8
-57
-16
-3
9
-47
21
39
29
-39
2
8
17
-28
-1
5
7
-32
7
11
32
-35
-8
5
-2
-53
14
16
46
-43
5
19
26
3
24
61
41
7
14
46
24
5
34
70
50
1
5
35
19
-15
35
72
53
0
30
65
42
-10
22
54
36
-2
21
50
32
-8
20
52
32
-10
12
41
27
-24
9
40
25
-9
39
76
54
-19
17
47
26
-4
14
47
25
-11
10
41
19
-14
10
43
27
-34
-2
29
10
-19
34
71
46
-24
8
52
19
-7
6
51
21
-13
3
44
15
-16
3
50
25
-39
-5
34
10
-24
19
67
30
-38
2
39
6
-15
2
47
16
-23
-8
25
4
-24
-2
48
20
-51
-17
17
-1
-34
20
58
23
-49
-2
28
3
-29
-6
33
9
-33
-15
12
3
-35
-9
37
14
-61
-22
3
-1
-46
20
42
17
-52
-4
21
0
-33
-14
22
2
-37
-18
5
1
-35
-15
30
9
-65
-22
-5
-2
-49
23
31
12
-61
-7
11
-1
-40
-19
10
-3
-43
-25
-1
-1
-44
-19
16
3
-76
-28
-13
-7
-56
20
29
13
-49
-2
10
9
-35
-14
8
4
-37
-16
5
8
-40
-16
9
2
-70
-21
-7
-2
-50
18
32
28
-25
17
14
22
-15
14
13
17
-18
13
15
29
-19
6
14
10
-41
17
15
39
-23
20
27
33
-8
18
52
34
0
18
48
32
-5
23
49
36
-6
17
46
33
-27
24
44
41
-9
12
43
32
-7
24
55
42
7
23
60
47
-3
16
37
30
-5
25
61
51
-22
8
24
20
-4
30
56
45
-29
6
24
23
-11
6
37
34
-19
0
7
13
-25
17
49
48
-53
-6
1
8
-30
14
29
23
-28
4
31
24
-5
6
47
37
-15
-6
7
11
-20
15
58
51
-49
-11
1
6
-24
13
34
20
-45
-6
23
11
-18
-3
41
28
-30
-14
-5
-1
-34
8
55
44
-66
-21
-11
-3
-40
4
27
11
-62
-15
6
-4
-34
-12
25
15
-47
-25
-20
-15
-50
-2
42
33
-88
-30
-27
-15
-59
-5
10
-2
-82
-29
-11
-17
-53
-28
4
0
-65
-48
-38
-29
-70
-18
22
17
-110
-46
-45
-29
-80
-12
-5
-11
-88
-36
-18
-21
-60
-35
-5
-6
-72
-59
-44
-33
-77
-22
13
13
-116
-55
-50
-33
-86
-19
-13
-14
-65
-20
-4
-3
-42
-19
6
9
-53
-46
-26
-17
-57
-10
17
22
-90
-44
-33
-20
-64
-9
-2
3
-46
-6
-2
9
-31
1
5
18
-39
-19
-10
7
-40
3
12
20
-70
-10
-10
17
-45
-6
3
16
