-16
-16
-5
-16
-2
-16
-16
27
-16
15
-16
-1
2
9
-16
-16
-16
-9
-16
21
-16
4
-12
3
-16
-12
-15
35
-16
-2
-16
13
-16
-16
-16
5
21
5
-16
30
9
4
-2
11
-16
-16
-16
-16
-16
12
3
-1
-16
9
-16
-16
2
-16
-16
-16
14
-16
3
-16
-16
-16
36
10
-16
-16
-2
-3
-16
14
8
-16
1
5
-16
-16
-16
6
-16
47
-16
-9
-11
-3
17
-16
-16
8
-3
6
-16
-16
-16
-16
-14
5
14
-14
-16
55
5
0
-16
6
17
-16
-10
-16
-16
10
-6
-16
-16
-7
-16
-16
23
-16
-16
-14
16
-16
-9
15
-16
8
16
0
-16
-16
-4
-8
-16
4
36
-2
-9
2
-16
-16
-16
10
-16
13
-16
-16
-16
11
8
7
-16
-16
18
5
1
-16
-16
-16
-9
3
-5
-16
-16
36
-2
4
-16
-11
18
-16
-11
-16
-16
7
-7
-16
-16
-16
-16
-1
17
-16
-16
-16
4
-16
-16
40
-16
29
23
-9
-7
-16
-16
17
-16
4
39
3
3
-1
-5
-16
-16
7
-16
22
-16
-16
-16
12
-11
-16
-13
-16
8
12
-2
-10
-16
-16
-7
7
-16
-16
-16
12
-2
6
-1
15
-16
-16
-4
-16
-16
10
-16
-16
5
13
-16
-16
5
-16
-11
-16
3
-16
-10
-3
-16
1
-16
-2
16
-16
-16
20
-16
4
18
3
-16
-2
19
2
-16
0
-8
16
-16
-16
-16
14
8
-1
-13
-16
13
7
-16
22
-16
-16
-16
7
-16
3
-16
-11
7
6
16
-4
-16
-16
-2
-16
-16
11
6
-3
26
14
-14
-16
6
-13
-16
-16
3
1
7
-16
16
-16
8
-6
-15
-16
-16
-16
-16
16
-13
-15
-16
9
-16
-16
18
-7
-16
8
-16
8
-1
-16
-16
-16
-16
65
-16
-16
-16
3
-16
-16
-16
-16
19
-16
-16
15
6
-4
-16
-9
-16
-16
-16
13
-13
15
2
-12
-16
-3
-16
-10
-16
-16
-9
-16
-15
-16
9
5
22
-16
62
41
-16
-16
2
-16
-16
-8
21
-16
-3
-1
-16
-16
24
3
-16
12
-16
-8
-16
-11
29
-16
-16
4
-10
-16
-16
-16
-16
-16
-4
-16
2
-16
-14
41
-12
6
-16
-16
14
-16
-16
-8
18
10
-16
-16
-16
-16
-16
8
3
-16
-9
-16
-16
-16
-9
51
18
18
32
32
-16
-16
-16
-16
-16
-16
48
-16
-16
-8
-16
-16
16
-16
-16
-16
-16
-16
-16
-16
16
14
-16
-16
21
-16
-16
6
-12
-13
0
-16
-16
-16
-16
23
-16
4
-16
-16
-3
-16
-16
-16
-12
-16
-16
-16
-16
-16
-16
37
-14
-16
26
-16
-2
-16
-16
79
10
48
37
16
-16
-16
-16
-16
-6
-16
50
-4
-8
3
-12
-16
18
-16
-10
1
-16
-16
-16
6
-16
-16
-16
-16
6
-16
-2
-16
-3
-16
6
-16
-16
-16
-14
-4
-13
5
-16
-6
-16
-12
-16
-16
-16
-10
-16
-16
13
-7
-16
7
-16
-14
2
-7
14
-16
-16
25
15
23
-16
30
-11
-16
-16
-16
-16
-16
31
0
-16
7
23
-16
33
-10
-9
6
-16
-16
-16
15
23
16
-16
-16
0
-16
-16
30
-1
-16
-16
-9
-16
-16
-16
-16
1
8
9
-16
-16
-14
-15
-16
-16
9
10
-8
26
12
-16
-16
-16
-1
-1
-16
5
-10
18
-5
-16
-16
-14
17
-16
25
-16
-12
-16
5
-16
-16
-16
5
-16
-10
1
-8
-6
3
-16
-10
-13
-16
-16
-16
-16
48
-16
-16
14
-16
-16
14
-16
-16
14
-16
-16
-16
-16
13
-16
-2
-16
-16
-16
33
-1
-16
-2
-3
-16
-16
-14
-16
-16
0
-11
-16
-8
-16
-14
-3
-16
-16
12
63
-16
7
33
-11
-16
-13
-3
-16
2
-1
-16
-16
-14
-6
-16
-12
-16
-16
-16
3
35
-16
-16
-16
-16
-16
9
-16
-16
18
-2
-16
-3
-16
25
-16
-16
-9
-16
-16
15
-12
-16
44
46
-16
-16
-13
-16
-16
7
28
-16
2
13
-16
-16
-16
-16
19
-7
7
-1
16
-14
11
34
-1
11
-16
20
-7
9
-8
-16
-16
-16
-16
-11
-16
-16
-16
-16
-12
4
-16
-16
-16
-9
-16
-13
-14
-16
24
3
-16
-16
-16
20
-16
-16
6
-16
-16
19
0
-16
0
35
-16
-11
-6
8
-16
16
55
-16
12
-3
-16
-16
3
-16
29
1
24
-13
17
-16
-16
27
-8
20
-16
13
9
-5
4
-16
-11
-11
-16
4
-16
-16
-16
-16
-2
-16
-16
-9
-16
-16
-16
38
-16
-16
14
13
-16
-16
-16
26
-16
-16
2
-16
-11
-16
-7
-4
9
-16
-16
-16
-16
24
-13
2
24
-16
12
-6
-16
-16
-10
-16
6
-10
21
-16
51
-16
-14
-16
1
-5
-16
3
12
-16
12
31
-16
1
-16
-7
-12
-16
-10
-16
-16
21
11
-16
-16
-16
-16
15
-10
-5
14
-14
-16
-16
-16
-7
-16
-16
10
2
6
-16
-16
-9
-13
-16
-16
11
4
28
9
-6
-7
-16
13
-6
-16
2
10
-8
-16
9
-16
-16
-2
12
57
-16
7
3
6
-16
-1
-2
-16
-16
18
1
-8
11
-16
-16
18
-16
-16
-16
-16
-7
0
-16
-16
-16
-16
-16
-3
-16
3
15
13
12
-16
-16
-16
-11
-3
2
-16
-16
27
5
-16
-5
24
-16
-16
20
-16
-16
11
-4
-16
-16
-10
-4
-16
1
-16
-16
18
-16
23
13
-4
17
2
-16
-16
4
-16
-16
-16
-13
-11
5
-16
-16
-2
-16
-2
24
-16
-9
-16
-16
-16
-16
-16
-16
-11
9
7
7
16
57
-16
-16
-16
-16
-9
12
-16
-16
44
33
-16
-16
21
-15
-16
16
4
-16
12
-4
-16
-16
-14
10
-16
-16
-11
-16
-15
-1
12
49
-1
4
2
-16
17
21
-16
-16
2
-15
-12
24
-16
-16
3
-16
3
-11
-16
-13
-16
-16
-16
-16
-16
-16
-13
9
3
-5
1
76
-16
-16
-16
-16
16
16
-16
-16
13
27
-16
7
21
19
-16
7
32
-16
3
-10
-16
-16
4
7
-16
-16
-5
-16
-10
-1
0
53
-13
5
-12
-16
17
5
-16
-4
18
-16
-2
7
-16
-16
14
-16
11
-6
-16
6
-16
-16
4
-16
-16
-16
-8
22
2
-3
-14
83
-16
-16
-16
-16
14
19
-16
-16
0
-16
-16
-16
17
28
-10
10
31
-16
7
-8
-16
-16
2
-16
-16
2
1
-16
9
-16
1
-16
-8
18
-16
-16
17
-16
-16
29
-10
-11
-16
17
-16
-7
2
-16
-11
-1
-16
9
-16
-16
12
-16
-16
-16
7
-3
13
-13
16
27
-16
2
-16
7
18
-16
-16
-16
-16
-15
-16
12
22
28
5
3
25
-16
6
-2
-16
-16
16
27
-16
