19
65
57
70
19
60
53
62
9
51
48
60
11
50
46
62
-8
39
37
51
-4
32
29
54
-12
40
37
48
-8
28
27
50
-6
40
39
48
-3
33
32
51
3
45
39
50
6
50
36
57
20
65
47
60
22
71
49
66
7
64
42
64
14
79
40
59
9
74
41
62
16
99
60
66
12
81
52
70
19
97
61
69
20
76
61
76
25
76
52
69
25
69
56
67
27
66
49
68
12
58
45
61
14
56
41
62
8
55
49
63
10
46
36
61
14
56
49
62
17
54
44
66
15
59
48
59
19
59
46
68
20
60
51
61
23
60
44
67
15
53
47
60
17
52
43
67
17
55
50
64
17
55
45
66
18
66
60
74
19
52
48
67
26
63
57
64
28
68
65
68
6
46
41
47
10
58
51
63
-8
43
35
47
-3
39
24
50
-11
43
34
45
-7
36
24
46
-6
39
33
41
-4
40
34
52
4
48
38
49
5
54
42
61
19
65
45
61
20
74
52
74
3
61
43
65
7
78
42
69
3
70
40
59
8
110
57
74
4
67
42
61
9
103
60
76
15
63
52
67
19
74
51
73
16
59
44
57
18
64
48
68
10
50
39
50
12
61
45
63
3
46
40
51
6
51
36
62
7
49
40
50
9
60
41
64
9
53
39
49
12
64
45
69
15
54
43
54
18
64
45
68
16
51
46
58
18
59
49
70
25
56
53
63
25
65
57
72
31
62
63
73
31
62
64
75
19
62
60
65
20
68
60
63
6
53
48
50
8
58
49
60
-1
46
41
42
2
44
38
52
-7
40
34
36
-4
41
36
49
-4
41
38
39
-3
42
41
49
10
60
51
54
8
53
53
60
21
70
62
65
20
62
59
66
10
55
54
62
14
67
53
65
0
58
46
53
4
90
59
65
9
62
55
62
14
82
57
65
12
54
54
55
16
60
51
59
3
48
41
44
7
53
49
60
-5
39
40
41
-1
48
39
52
0
45
47
45
3
45
39
51
-1
49
42
45
2
51
38
52
8
55
48
48
11
57
47
60
4
50
46
48
8
54
43
53
1
46
49
52
4
48
44
53
11
51
58
59
13
55
52
57
20
59
63
68
21
58
56
63
22
70
65
72
22
64
55
64
23
66
63
63
23
63
67
73
5
50
49
50
7
51
52
59
-1
48
45
45
1
50
50
56
9
56
54
48
9
56
63
63
19
60
59
54
17
63
76
72
23
66
63
61
24
65
73
71
8
53
57
54
12
59
58
63
1
53
52
44
2
71
63
61
5
52
56
51
10
65
54
58
7
50
48
42
12
64
56
52
-4
47
35
37
1
60
56
54
4
44
48
40
8
57
55
52
8
49
59
47
11
52
56
53
9
55
55
50
12
52
51
56
27
64
63
60
29
63
63
66
25
65
63
61
28
63
62
63
14
54
59
53
17
61
59
62
9
45
56
55
11
60
58
61
21
63
69
71
23
63
61
65
31
74
75
69
30
66
72
73
29
71
69
63
29
74
81
80
23
79
69
72
24
63
65
69
16
72
68
69
16
56
64
66
19
69
69
62
18
62
71
68
17
69
64
58
16
64
72
71
17
69
65
60
19
65
70
69
10
52
63
53
14
56
62
59
9
50
63
47
11
64
68
55
1
45
55
44
6
57
55
50
-1
47
45
37
5
67
55
49
0
60
43
45
6
73
57
57
12
62
57
55
16
73
63
64
18
61
65
58
21
68
71
69
16
54
63
58
20
58
63
65
35
63
68
68
35
68
72
74
28
66
70
78
28
67
74
75
8
41
56
62
9
57
67
70
0
35
47
57
1
57
61
68
19
63
66
77
20
64
65
74
26
77
77
77
25
69
74
80
26
75
74
74
24
75
73
81
32
78
76
74
31
69
71
74
20
64
68
62
20
69
74
69
18
66
71
58
19
78
81
66
4
61
66
62
7
70
63
58
3
50
59
52
6
62
55
55
-3
40
53
44
3
52
56
55
-2
40
56
47
1
48
59
53
-1
40
55
41
4
51
58
51
1
47
51
43
6
68
57
51
4
65
59
55
9
75
55
56
9
76
63
62
12
81
63
66
19
78
70
63
21
82
81
75
13
55
65
59
17
61
63
64
10
48
59
57
13
57
55
62
8
46
61
62
11
54
63
67
-9
33
52
52
-3
50
53
56
-7
38
56
56
-3
54
59
57
23
63
77
81
25
62
67
67
25
72
69
75
25
70
68
79
24
65
66
66
24
69
68
75
19
59
61
54
19
73
74
68
8
57
56
51
11
86
82
61
6
69
61
54
9
106
92
64
-2
58
59
52
2
86
77
58
-9
44
52
43
-4
63
60
54
-5
43
51
41
-1
54
63
55
-9
46
62
49
-5
42
58
46
-6
45
59
44
-3
47
59
46
-7
44
55
42
-5
53
58
43
9
58
68
53
11
65
66
54
16
64
72
57
19
78
78
64
15
63
68
53
17
83
87
70
5
50
63
52
10
64
64
61
-8
39
49
51
-4
45
41
54
-3
43
50
48
0
50
47
57
-4
49
51
50
-1
49
44
54
2
46
54
48
4
57
62
57
18
59
70
69
20
55
59
61
23
61
65
66
23
64
63
66
16
57
62
58
17
63
62
66
9
53
57
47
12
69
65
62
-3
62
56
49
3
76
71
57
1
68
63
55
5
90
77
60
-6
53
62
52
-1
69
69
54
-13
51
63
54
-8
50
51
47
-3
50
58
46
2
56
59
52
-5
46
62
47
-1
49
64
51
12
46
68
48
14
61
89
60
21
52
73
53
23
73
99
62
6
48
71
53
9
62
87
62
1
46
60
43
2
62
76
63
5
51
62
45
7
66
80
66
-15
38
53
43
-10
44
55
50
-12
35
47
42
-10
35
47
49
5
49
55
53
6
48
53
57
13
57
63
55
15
56
63
62
12
50
57
45
15
64
75
65
9
50
61
57
13
57
59
62
3
49
54
56
6
47
43
51
-3
43
54
47
1
47
50
51
-2
51
61
49
3
52
54
47
0
56
61
50
6
63
58
53
3
57
63
55
7
64
56
54
-14
39
51
40
-8
47
51
49
-9
40
53
43
-5
40
52
51
1
47
60
48
4
47
60
56
7
54
64
55
8
55
69
59
20
63
68
57
20
78
101
71
14
66
69
51
16
86
117
71
1
48
65
53
4
63
93
61
-14
33
49
39
-13
43
62
52
-28
24
42
35
-23
32
45
47
-40
16
35
31
-33
18
32
39
-31
19
33
32
-26
23
29
41
-13
31
40
38
-8
35
42
51
-13
35
47
44
-6
32
41
52
1
43
55
53
3
45
57
61
9
54
65
63
13
50
54
63
-1
44
46
49
4
46
38
48
-11
40
42
40
-7
40
43
50
-16
37
43
42
-13
28
40
45
-9
43
51
43
-5
34
50
51
-6
43
55
45
-2
37
58
50
-6
41
52
43
-3
42
59
50
-7
36
48
41
-3
43
60
54
-6
33
48
41
-3
42
63
58
-2
40
61
52
0
42
64
57
7
58
69
60
8
68
81
63
3
67
67
61
3
73
89
66
-8
45
63
54
-4
53
68
54
-21
23
39
34
-17
29
49
51
-30
16
32
31
-25
19
36
48
-40
19
30
31
-29
14
25
40
-38
24
29
36
-27
17
12
33
-30
28
34
41
-19
23
16
36
-18
36
45
44
-8
32
30
47
-14
38
45
48
-9
29
38
52
1
54
58
63
4
35
38
55
0
47
48
48
4
50
43
47
-3
43
40
39
0
46
51
57
-3
40
45
43
0
35
52
56
8
47
54
49
10
44
65
62
19
48
63
54
19
53
87
68
15
44
59
55
15
54
85
65
-2
34
47
47
1
49
73
61
-6
30
45
43
-4
41
66
59
-5
37
55
45
-3
40
62
55
-7
43
53
45
-3
52
55
56
-15
39
49
44
-11
45
51
54
-32
22
40
35
-25
26
38
40
-35
11
28
28
-29
18
33
41
-38
16
29
34
-28
17
19
37
-60
8
16
31
-47
0
-7
24
-76
-1
10
29
-61
-11
-17
14
-72
4
11
33
-59
-6
-16
15
-48
20
28
44
-37
10
0
26
-6
43
49
58
1
41
31
51
-3
47
50
59
3
35
33
55
1
53
53
52
5
45
46
50
2
50
46
48
5
41
56
60
1
47
48
50
2
38
55
61
-3
43
51
52
-1
35
52
56
12
53
64
62
12
46
73
66
8
42
59
58
9
43
67
61
-9
30
47
49
-6
34
56
54
-18
27
41
43
-15
27
48
50
-26
25
35
38
-21
25
38
48
-27
28
37
36
-19
24
30
47
-29
31
38
41
-21
20
21
42
-30
27
36
40
-21
16
21
40
-45
17
28
38
-34
9
9
32
-66
5
18
32
-51
-5
-7
21
-97
-11
5
17
-80
-28
-24
2
-114
-19
-2
8
-96
-40
-31
-8
-107
-15
1
11
-89
-36
-28
-5
-76
1
12
26
-62
-13
-14
11
-34
27
30
49
-25
23
11
34
-6
43
46
57
3
42
27
50
20
63
63
63
22
55
63
60
22
66
66
65
23
55
74
64
16
53
61
57
17
45
71
60
1
53
52
54
3
38
48
54
3
54
52
55
5
40
48
59
-5
48
49
54
-2
32
43
54
-12
42
43
49
-9
27
40
54
-9
43
42
47
-7
24
44
53
-26
35
35
41
-20
17
34
47
-21
38
38
45
-12
27
27
46
-32
31
31
47
-22
22
12
38
-48
20
21
41
-37
12
-1
31
-65
11
15
34
-52
-3
-12
21
-81
2
10
26
-66
-17
-19
12
-98
-7
4
16
-81
-30
-26
2
-106
-10
3
11
-87
-36
-28
-3
-103
-10
6
13
-84
-33
-25
-2
-80
2
15
24
-63
-15
-13
8
-38
25
28
41
-25
21
12
30
-7
46
42
58
3
44
22
47
28
71
68
75
29
64
69
74
26
63
63
63
27
68
86
81
26
58
69
72
26
60
80
74
21
60
62
69
23
54
62
65
23
62
58
70
23
55
60
66
20
63
59
63
21
50
61
62
7
57
56
59
9
40
57
61
11
52
53
56
14
37
63
65
-15
36
39
52
-11
20
47
54
-22
38
36
47
-11
28
35
48
-44
26
23
38
-29
18
12
33
-60
17
15
32
-45
3
-2
23
-70
12
10
28
-55
-7
-10
18
-74
10
8
26
-59
-12
-14
14
-80
7
7
24
-63
-16
-17
11
-80
7
9
23
-64
-17
-16
9
-78
7
13
25
-61
-15
-14
9
-66
14
21
31
-50
-3
-5
16
-36
29
30
42
-23
25
17
33
-1
47
50
61
8
47
33
50
12
72
71
77
16
59
59
64
17
63
64
63
20
66
79
75
4
57
63
67
7
52
68
65
12
57
58
66
14
51
61
65
16
63
58
72
18
54
60
67
18
75
66
78
20
61
63
66
10
60
63
70
13
48
63
62
13
53
59
62
17
45
63
63
-2
47
51
63
3
35
52
59
-8
46
49
56
1
33
45
54
-20
45
45
51
-6
31
34
45
-35
37
37
46
-21
19
20
34
-43
33
30
44
-29
14
13
29
-44
33
27
45
-30
12
10
29
-43
33
26
46
-29
13
9
28
-44
32
28
45
-29
13
10
28
-40
33
33
45
-26
15
15
30
-32
39
40
48
-18
22
22
36
-12
47
48
55
0
42
39
49
-5
58
54
62
4
48
42
52
22
49
44
57
22
49
41
59
21
57
48
64
22
53
46
63
5
61
51
70
18
40
37
57
23
64
44
67
26
62
44
69
21
57
38
63
24
60
43
68
15
51
33
56
26
60
48
77
18
60
38
68
20
61
40
69
18
52
32
64
21
61
41
73
11
46
28
59
21
54
39
68
33
81
51
75
33
84
55
77
31
71
43
68
35
83
55
78
28
63
37
64
33
73
46
76
37
103
65
71
36
96
60
68
39
103
63
70
37
86
57
66
29
92
55
70
34
84
52
68
27
82
55
66
29
88
60
71
26
70
45
60
29
86
60
73
24
57
37
55
29
80
56
73
22
59
42
65
24
59
42
68
20
57
41
66
24
63
46
72
14
53
37
63
22
51
38
64
18
48
33
67
21
50
35
68
16
42
29
65
20
55
38
73
9
39
26
60
20
41
33
68
22
51
38
72
24
53
40
73
18
42
31
68
23
54
41
73
15
35
26
62
24
48
42
75
15
42
36
57
18
42
33
57
13
50
42
66
16
43
37
57
0
52
44
72
13
30
30
53
40
64
59
80
37
57
49
67
40
72
66
88
37
50
45
60
31
73
68
89
35
59
58
80
29
68
53
83
28
66
53
81
31
66
49
77
30
57
48
73
25
57
37
66
28
70
60
94
26
68
53
80
26
66
51
77
29
61
48
75
28
57
46
70
22
51
37
63
26
71
61
87
33
78
56
81
34
74
54
75
33
75
53
79
33
62
48
66
28
68
45
73
32
77
59
88
31
95
61
78
30
77
51
66
33
98
62
80
31
59
42
54
24
93
51
75
30
87
59
88
30
79
61
77
28
73
58
70
31
74
58
79
27
62
52
59
24
66
49
74
28
80
66
88
34
70
57
82
33
60
51
73
35
70
58
84
33
49
46
63
29
66
53
80
33
72
60
88
30
62
49
81
30
56
47
75
31
59
48
80
30
51
44
68
26
51
42
71
31
66
57
88
33
64
53
85
31
59
51
78
32
59
50
83
34
52
46
68
30
49
42
73
33
66
61
90
27
55
48
74
26
44
37
56
29
61
55
86
25
31
29
43
19
62
59
88
25
53
50
74
44
67
68
75
42
60
59
64
45
73
73
84
44
53
55
59
35
76
75
88
40
64
62
73
35
68
66
76
35
68
70
78
35
63
57
71
35
64
68
75
31
56
49
64
36
72
70
90
35
70
77
77
35
66
75
76
35
64
68
70
37
61
70
74
33
58
53
63
37
68
73
86
21
55
58
64
24
55
58
62
20
52
53
64
21
49
55
59
15
48
46
62
22
60
64
79
16
59
48
61
18
51
46
55
15
59
47
62
14
41
41
49
6
58
41
62
16
61
55
80
26
60
59
69
29
53
55
62
26
59
58
70
24
44
47
53
19
58
53
70
26
64
65
86
42
70
70
79
43
59
63
69
44
72
72
81
40
49
55
61
37
72
68
81
42
68
70
85
30
57
53
72
31
55
54
69
32
53
49
70
29
52
54
66
26
49
46
68
29
59
56
79
26
51
48
70
29
51
52
70
26
44
44
68
26
46
49
63
22
41
40
63
26
56
58
83
26
46
51
66
26
39
42
51
26
51
57
79
26
31
36
43
19
58
63
88
23
42
47
64
48
81
79
79
49
73
71
68
51
81
79
84
48
63
64
59
43
80
77
85
46
74
74
78
43
85
86
79
45
90
92
83
44
73
70
69
46
88
90
79
42
59
57
60
44
79
84
85
41
87
97
75
44
88
99
79
43
69
77
62
44
86
95
77
39
55
58
51
42
77
87
80
23
58
69
60
28
61
75
64
23
48
59
54
22
59
75
68
16
42
50
48
26
55
66
75
25
61
68
62
29
55
67
63
24
59
64
58
23
46
62
62
18
54
54
51
29
64
69
83
31
63
70
66
34
57
68
66
31
64
68
64
29
46
62
61
25
61
60
60
33
67
71
84
44
73
81
77
46
65
74
70
45
76
81
79
42
53
66
62
40
73
76
76
44
70
77
83
29
58
59
69
31
59
62
70
30
53
55
65
26
54
60
66
24
46
48
59
29
58
63
77
24
53
58
71
29
54
62
73
28
47
52
65
26
49
58
68
20
40
43
57
26
55
66
81
31
50
64
69
34
48
58
58
32
52
68
78
31
40
51
50
22
54
69
85
28
44
58
66
27
58
64
63
29
46
51
46
29
66
70
75
28
37
42
38
14
71
74
81
25
56
62
64
24
59
74
68
29
55
70
60
24
56
70
66
28
46
59
51
17
53
65
64
26
64
79
79
20
59
82
61
24
53
77
55
21
56
77
59
24
47
68
51
14
51
66
54
24
62
86
75
18
48
79
53
25
48
80
54
20
42
71
51
21
46
77
55
11
37
64
46
20
48
79
66
33
68
101
67
41
69
103
73
36
55
84
57
37
65
97
73
31
43
68
50
35
61
90
75
42
75
106
73
46
75
104
77
45
62
90
64
44
68
97
75
39
51
76
57
41
64
89
76
34
67
78
68
39
64
79
70
37
63
71
66
34
57
74
66
31
57
64
59
33
64
77
78
20
51
63
62
26
52
66
64
26
45
58
59
22
48
64
60
15
38
52
53
18
55
70
69
18
49
64
64
29
51
70
67
26
38
53
56
25
48
66
63
15
29
44
48
20
53
77
72
27
46
64
65
31
46
60
57
29
51
66
72
29
40
55
51
19
51
67
77
24
42
63
63
28
53
68
59
31
43
57
46
31
58
74
70
27
37
52
42
15
64
78
76
24
55
68
62
37
60
85
70
43
57
80
64
39
56
81
68
37
51
72
58
30
52
75
63
37
66
92
79
37
61
99
69
46
64
99
69
41
50
88
60
40
60
92
67
33
40
75
52
37
64
101
73
25
51
96
57
38
51
95
58
33
43
86
54
31
47
88
57
20
35
75
48
27
49
95
62
12
42
77
51
23
42
78
53
18
37
68
48
18
35
72
50
6
30
62
42
13
48
81
62
15
43
75
51
20
35
68
47
20
46
75
56
18
29
62
44
8
42
69
52
12
49
73
59
13
41
59
46
23
37
62
48
19
37
53
47
17
35
62
49
7
31
50
43
11
55
67
56
7
40
51
46
20
35
53
46
17
31
44
44
14
34
55
47
0
25
37
40
7
59
66
55
9
39
48
50
21
34
49
47
18
32
43
49
15
33
50
45
0
29
37
46
7
54
66
59
13
41
45
51
20
39
43
44
18
44
47
62
15
34
43
38
3
49
51
71
10
43
53
57
42
56
81
68
44
49
71
56
43
63
88
74
40
43
64
53
29
64
89
76
40
60
84
68
33
55
77
64
38
54
74
62
34
53
75
62
33
48
68
58
23
46
67
57
33
66
92
77
26
51
72
57
37
49
72
57
32
46
68
53
30
46
69
58
16
38
59
46
26
63
88
71
23
45
75
53
35
44
75
54
31
42
70
50
29
42
74
57
13
36
63
46
23
53
86
60
13
41
66
44
29
41
72
51
24
34
57
42
23
38
73
53
4
28
51
39
16
53
79
55
6
38
59
42
20
35
62
46
17
29
48
42
15
33
65
49
-2
24
42
39
8
53
68
51
4
37
54
40
17
30
55
41
14
27
43
40
15
29
60
46
-5
24
36
38
6
55
61
48
-2
35
47
39
12
26
46
37
10
22
39
39
9
26
51
42
-13
20
31
35
1
53
59
48
6
38
46
46
15
30
45
42
14
29
43
45
12
29
46
41
-9
25
35
38
5
52
62
59
22
51
49
55
29
49
48
51
27
48
50
59
26
44
49
46
11
51
50
66
24
53
58
62
34
52
75
63
40
52
73
62
36
55
73
64
35
51
71
62
21
56
70
68
33
48
69
62
35
56
77
68
44
55
81
72
37
51
65
60
36
57
81
75
24
45
56
53
37
60
78
70
20
44
56
55
32
44
65
63
26
40
44
48
22
51
73
73
3
35
40
45
19
49
59
55
20
42
61
56
36
44
72
65
29
35
44
47
26
50
79
75
6
32
40
44
23
48
63
53
9
35
55
47
27
37
68
59
19
30
36
39
16
45
77
70
-6
25
32
37
12
42
58
47
-3
29
44
37
16
31
57
50
7
22
26
29
5
38
68
62
-21
19
21
29
-1
36
46
38
-17
20
32
28
3
20
42
40
-5
7
13
20
-9
27
55
51
-36
8
9
20
-16
31
36
32
-21
15
27
25
-2
15
36
35
-10
-1
9
17
-13
24
48
48
-40
2
5
17
-20
26
31
30
-5
26
37
37
11
26
44
46
3
8
22
28
0
33
51
55
-22
9
17
26
-5
33
38
42
8
35
38
46
18
40
43
52
13
26
33
44
12
42
48
53
-9
33
33
51
9
35
42
51
48
55
50
77
44
56
50
75
44
60
55
78
45
60
51
75
47
61
56
81
46
49
46
69
34
59
50
82
36
59
50
82
36
55
42
78
37
55
44
80
38
44
35
71
37
59
50
89
39
67
56
88
38
63
53
87
41
62
48
83
42
57
48
84
39
52
39
76
38
61
55
95
45
60
49
76
41
60
46
76
44
61
51
76
44
61
46
77
46
55
47
72
42
54
47
76
35
50
47
71
36
51
46
71
37
53
51
73
38
52
46
71
39
52
48
76
36
41
41
66
54
65
66
81
55
68
66
75
50
66
64
87
53
67
63
72
50
65
65
88
53
63
62
78
32
64
65
87
35
63
63
88
33
58
55
82
33
53
56
83
35
47
40
70
34
67
65
103
38
70
67
101
40
61
61
93
39
67
64
98
38
46
52
83
38
59
51
90
39
68
67
114
47
62
62
83
45
60
59
77
47
62
64
83
45
55
54
72
47
56
55
77
46
65
66
89
33
51
60
77
34
49
54
67
35
55
62
83
34
45
50
63
39
55
59
83
36
52
59
81
61
70
83
78
62
71
80
71
58
72
82
84
61
70
77
69
58
72
82
86
62
71
81
77
36
67
91
77
42
67
95
82
36
57
72
66
37
65
89
79
38
43
55
53
39
69
92
90
34
58
75
71
36
59
77
77
36
52
60
63
37
57
75
77
37
43
48
52
36
59
71
77
50
62
72
70
45
62
76
72
48
60
66
66
47
62
76
75
44
53
57
58
47
65
77
74
42
60
71
67
39
55
66
62
44
61
74
73
39
49
61
60
45
64
74
75
45
61
70
70
47
54
71
67
46
52
73
63
43
61
73
71
47
54
73
66
42
64
75
75
48
52
63
60
43
54
80
67
45
55
87
72
40
56
70
58
43
57
88
73
40
51
61
52
41
58
82
71
35
46
69
57
36
51
80
65
34
46
54
48
35
58
86
73
34
39
47
38
34
45
63
56
39
50
63
61
40
54
77
67
38
41
47
51
39
59
82
74
35
31
40
41
37
50
64
65
39
49
55
57
39
50
55
57
40
52
60
60
39
50
57
61
40
55
61
64
40
44
50
54
50
56
65
91
51
60
63
92
49
53
61
88
47
56
59
85
47
49
60
82
51
56
62
93
53
66
68
117
49
65
70
117
50
51
57
106
55
59
63
107
52
39
52
91
48
60
64
117
37
52
67
78
38
53
65
77
38
50
65
78
39
45
55
66
39
44
58
74
35
50
61
78
65
74
93
82
63
72
93
82
64
72
87
84
66
66
87
78
65
69
80
80
64
73
88
79
46
54
77
76
42
62
86
84
42
45
66
66
44
60
84
85
41
39
57
62
45
55
75
74
54
60
77
73
51
68
84
76
52
53
73
73
53
65
80
74
53
49
66
72
52
59
72
68
55
68
72
114
57
65
72
113
56
63
66
101
56
66
68
102
55
60
55
79
58
66
71
115
