-19
-19
-19
-19
-19
-19
-13
10
-19
12
3
-3
21
3
-19
11
5
-19
17
-19
-19
-13
-19
2
3
96
7
-2
9
32
-19
-19
-10
-15
-19
-19
-19
-19
-19
103
33
4
19
-19
5
16
-19
-5
1
-19
-19
-19
-19
-19
-19
9
-19
-19
-19
-19
-19
64
33
-19
72
2
-19
34
-3
1
-19
-19
32
-7
-19
-19
7
-16
-19
32
6
16
13
-19
55
-19
-19
46
-19
-5
-7
-19
-19
5
21
4
-19
-19
-9
-7
-19
-19
23
-12
-19
-19
4
23
4
-19
41
-19
-19
-19
-19
2
17
-19
26
6
0
-19
-19
-19
15
-19
-19
-15
12
-19
13
-19
-19
-19
61
2
46
-17
20
31
-19
-1
73
-19
-19
-19
-19
18
-19
-19
-19
-19
-19
3
-19
13
9
13
3
-19
72
-7
0
3
8
10
29
-19
16
-19
-19
-8
1
-19
31
-19
-19
15
-19
15
14
-19
-1
-16
-19
-19
-17
-15
5
1
-10
18
