-40
-25
-34
23
-48
-21
-34
19
-48
-14
-25
27
-46
-14
-33
19
-41
-12
-22
32
-44
-37
-43
7
-69
-15
-34
35
-65
-15
-36
35
-65
-25
-52
26
-63
-23
-48
30
-62
-48
-67
11
-64
-16
-35
50
-59
2
-22
49
-61
-7
-28
46
-54
-8
-39
38
-53
-20
-40
39
-60
-30
-59
21
-61
-11
-25
64
-46
-14
-38
21
-55
-13
-43
21
-48
-11
-33
21
-48
-11
-43
23
-44
-23
-42
14
-52
-27
-41
21
-68
-35
-41
10
-66
-33
-43
10
-64
-28
-33
16
-61
-30
-43
11
-59
-30
-39
21
-65
-54
-54
0
-26
-2
-1
32
-24
5
-1
20
-34
1
-4
45
-28
2
-6
14
-34
-3
-3
48
-29
-6
-8
27
-75
-5
-3
45
-68
-6
-6
49
-72
-17
-25
34
-72
-29
-22
38
-67
-41
-56
9
-69
2
-2
80
-62
8
3
76
-57
-10
-10
59
-58
3
-5
70
-61
-43
-30
38
-62
-16
-32
53
-58
4
3
104
-42
-8
-8
38
-47
-13
-16
23
-41
-9
-4
38
-46
-24
-26
14
-41
-22
-24
25
-44
-2
1
50
-73
-32
-14
25
-71
-38
-27
3
-68
-25
-8
37
-69
-46
-34
-7
-60
-24
-16
37
-66
-31
-16
33
-12
9
37
27
-9
10
31
12
-17
14
35
39
-11
9
24
7
-18
14
35
44
-9
11
32
25
-66
2
54
24
-52
3
64
35
-65
-19
14
-1
-63
-3
51
28
-62
-50
-23
-28
-58
7
56
53
-69
-17
20
11
-65
-16
25
25
-65
-31
-13
-6
-64
-19
19
25
-64
-51
-40
-31
-66
-15
12
25
-35
-9
14
8
-47
-8
21
14
-39
-13
1
0
-42
-9
21
19
-48
-29
-19
-17
-42
-2
23
17
-53
-14
11
3
-58
-24
-1
-9
-49
-10
17
16
-59
-38
-10
-13
-47
-5
17
19
-45
-11
8
9
-41
-26
10
2
-44
-31
15
-7
-50
-12
15
12
-42
-26
16
-1
-53
-4
19
20
-40
-30
-6
-14
-50
-26
31
2
-46
-23
45
13
-57
-21
8
-17
-51
-19
47
16
-56
-32
-11
-30
-54
-18
34
11
-67
-43
6
-19
-66
-33
31
-2
-70
-43
-27
-39
-68
-18
43
15
-69
-59
-41
-61
-71
-46
-6
-22
-59
-36
-6
-12
-57
-27
25
2
-62
-54
-42
-32
-58
-15
34
18
-67
-76
-56
-55
-64
-36
-4
-2
-59
-37
-24
-20
-60
-35
-24
-19
-57
-31
-14
-13
-60
-34
-19
-11
-56
-25
-12
-5
-57
-48
-34
-27
