-11
53
-11
13
-11
36
23
28
67
-1
21
10
23
20
50
-4
16
63
22
-7
-11
17
-5
31
41
65
-9
21
35
9
36
-11
71
35
-11
75
3
106
86
107
42
3
18
-11
6
31
73
33
10
17
-11
-11
61
3
110
-11
-11
0
9
-11
54
-11
-11
82
46
31
-11
26
24
26
34
-11
-11
12
53
-11
34
-11
28
-11
20
-11
19
-11
17
4
38
-11
-11
6
42
-11
-11
31
-11
15
-11
-8
6
-11
-11
9
-5
-11
51
27
-11
24
-11
-2
-11
12
-11
51
-11
20
-11
-11
0
10
10
-11
19
-5
15
25
53
-11
-11
-5
25
-5
-9
-11
-11
-11
6
-4
-11
57
-11
26
-11
34
-11
15
-11
33
-11
0
2
49
-11
-11
40
15
8
8
10
13
35
-11
16
-11
13
-11
-2
-11
-11
21
-11
20
-11
-11
-11
23
-11
-11
-11
26
2
-11
31
0
-11
-11
37
12
-11
-7
11
31
