-8
7
-8
-8
3
-8
-8
43
-7
-8
-8
22
-7
-8
-7
9
21
-8
-8
15
-8
9
4
-8
24
18
32
37
28
11
-8
17
20
2
-8
-8
-8
-8
-8
25
-8
-6
-8
-8
-8
32
-8
88
-7
-8
1
0
-8
-8
-8
44
-8
3
-8
21
-8
2
-8
18
-8
17
19
-8
4
-8
-8
-8
30
48
119
6
-8
-8
-3
1
40
-8
-8
95
-8
12
17
-5
-8
36
-8
123
10
-8
-8
-7
19
-8
74
-4
-8
26
-8
-8
-8
61
-8
-8
105
-8
-8
-8
1
-8
18
34
-8
8
-8
40
-8
62
-8
68
-8
-1
26
-8
-8
29
18
-8
4
-8
11
-8
-8
25
43
21
14
51
2
-8
23
12
-8
19
-8
3
15
10
-8
14
-8
-7
-8
14
-8
17
27
-8
-8
-8
-8
13
19
-6
-7
0
-8
-8
26
-8
4
-8
1
5
23
-1
-8
35
-8
-8
-8
43
-8
17
-8
15
-8
-8
49
-8
-8
-7
-1
-8
24
9
54
-8
0
-8
-8
-8
-8
11
-8
-8
0
-8
-8
-8
-8
-8
12
-8
32
15
-7
16
-8
0
-8
-8
-8
22
-8
-8
-8
11
-8
4
23
-8
-8
17
-8
5
-8
-8
-8
-8
19
-8
21
-8
-3
6
22
-8
11
14
-5
15
-2
-8
-8
22
-8
13
32
-8
-8
25
-8
-8
-8
-8
-8
15
-8
-8
15
-8
34
-8
-8
-8
-8
-8
28
-8
-8
0
0
-8
-8
-8
13
61
-5
-1
-8
-1
8
3
-3
-2
-8
-6
32
-8
-8
-8
-8
-8
-8
-8
23
19
12
0
-3
-8
30
-8
-8
11
-8
-8
-8
-4
-8
9
34
-7
-8
19
20
-8
-8
-8
-8
-8
10
11
-1
-8
14
-8
-8
0
-8
-8
-8
-8
-8
6
23
-8
-8
-8
36
22
0
-2
10
-8
14
-8
-5
-8
-8
-8
30
-8
-8
40
-8
-8
4
0
12
-8
24
-8
25
-8
9
-8
9
-8
