-33
5
-1
-4
7
3
-3
-28
21
0
11
17
24
13
-9
-12
24
25
20
12
-6
-2
-20
-19
15
-7
8
-9
-3
19
-5
25
-9
-16
-30
-8
-38
-23
16
9
-11
-1
-16
-3
20
-1
-2
-23
-6
10
-8
13
-3
15
4
-19
6
23
31
30
-15
-14
-8
-11
9
20
19
-16
-5
22
21
-4
11
-13
-7
-17
-23
-19
9
-4
-11
9
-16
-13
-10
10
4
1
1
-24
8
9
-1
1
3
-19
13
33
18
26
-25
-11
-16
-17
-4
-3
-11
8
-2
8
15
17
10
-20
-14
-5
-29
-9
5
6
3
13
-3
-31
-23
7
-41
21
20
-45
28
0
12
-25
-18
-31
69
18
24
1
-32
14
-21
-4
-3
-24
-13
44
-18
16
-35
34
35
-22
-16
38
-13
-27
37
24
-3
1
34
-5
-48
-53
-5
25
47
-35
51
-20
57
-36
21
-49
83
-22
26
-35
-64
-32
-31
-34
19
-33
41
36
-16
3
-58
27
16
28
-75
28
-13
-26
2
-29
9
-11
12
25
4
17
-41
29
-7
-24
8
-6
34
-1
-33
-14
-2
19
3
-4
-10
-28
-38
-14
8
-13
27
17
13
-19
-29
37
-1
-25
-15
-19
-3
-7
-7
-11
-23
8
-7
2
-3
-3
-18
-9
0
-5
1
14
18
11
-26
-12
21
26
22
3
-18
3
-10
-23
16
12
-2
-3
8
1
7
43
-14
-26
-40
-15
-35
-18
5
4
-22
15
-10
-10
7
9
-11
-7
-1
-1
11
16
17
12
-6
-13
21
14
28
10
-6
-4
-5
-21
3
-5
-5
-11
-5
3
7
23
-16
-10
-29
-13
-51
-36
12
10
-29
27
8
-10
2
5
-18
-10
6
-5
4
19
3
-1
-18
-23
21
23
28
11
-14
9
-13
-7
-8
1
9
-11
-2
3
16
12
-24
-24
-21
-3
-46
-33
19
6
-43
17
0
-8
-8
5
-17
-29
19
7
1
13
21
9
-29
-9
27
26
19
2
-11
2
-23
-16
17
2
0
-18
2
7
9
38
-25
-24
-40
1
-50
-25
14
1
-3
-29
-7
-1
-26
3
19
1
17
-12
8
-2
21
-5
21
33
7
2
-6
-14
1
16
-13
-27
-2
3
-21
19
-20
-6
-6
20
-14
-9
-40
-17
0
12
-11
7
5
-25
-13
-12
-22
11
9
11
-1
0
-3
-22
5
7
17
13
24
-3
-26
4
9
8
5
-11
5
23
-11
13
-19
-17
10
9
13
-13
-22
-29
4
21
-9
5
1
-7
9
-9
-28
27
-10
28
17
-35
13
-8
12
-7
9
-7
31
27
-29
1
11
9
-17
-29
1
7
-39
37
-13
-5
10
34
1
-13
-38
-22
-27
8
-11
18
-1
-9
10
-33
-35
15
-35
18
37
-25
1
24
-10
-29
3
-16
17
5
-27
35
-4
41
-12
18
-13
-29
-29
12
-37
-2
-8
6
-5
-8
-7
0
-1
1
26
28
25
-35
-2
-11
-74
-50
-4
11
20
6
7
-1
16
-66
40
-50
30
-39
8
1
-61
24
-24
9
-14
-73
-6
10
-46
-38
-12
5
-24
38
-59
10
14
22
-16
7
8
-33
11
31
-9
-16
-13
21
-9
-19
14
12
11
2
17
-28
32
-17
-73
2
-33
3
-12
11
-18
-28
-3
24
-21
-31
-41
-3
-25
0
-20
-41
-1
20
4
-11
-8
-27
-1
9
-17
2
-1
4
2
-22
-2
-20
10
-2
-8
2
21
-3
-32
-22
0
10
-12
2
6
15
-19
13
-20
-30
2
18
-16
-16
-37
-31
-1
16
-15
-9
-2
-37
-16
-10
-21
7
5
-9
-12
5
3
-9
5
7
-5
18
8
-14
-13
-9
1
3
4
3
-11
25
-12
0
-21
-18
15
-1
-2
-8
-19
-23
-6
10
-1
6
-13
-2
-4
-14
-18
9
-2
-9
-19
-2
1
-5
-21
-9
8
6
17
-2
-9
-15
-6
17
8
12
-19
22
-2
-3
-26
-20
11
-6
-5
-17
-10
-25
-15
19
4
-5
-46
-2
-5
-25
-21
1
10
-30
16
6
4
2
13
-10
-8
28
20
6
-8
-23
-9
16
-19
-13
8
10
-8
-16
-17
-9
4
26
-31
-10
-35
-16
-10
2
11
1
9
-6
-9
10
-7
7
5
17
22
-17
15
10
30
-12
-2
12
-1
27
4
-16
26
-16
-21
-34
-16
0
-8
8
11
-1
-19
30
-23
12
-28
-10
-22
11
1
26
25
9
22
-10
0
30
-5
52
5
-29
5
-4
2
3
-6
5
12
24
-2
-19
42
-1
-31
-33
-1
3
-2
28
-8
-8
-20
30
4
-5
-11
-24
-21
27
3
11
30
-2
12
-9
8
22
9
54
24
-15
30
-13
5
-10
11
-9
-16
17
-7
-27
21
-8
-37
-6
-14
-12
-27
24
-15
1
-22
27
-9
28
-17
-22
-10
33
-11
20
9
4
17
-8
1
14
5
22
-2
-11
24
0
-13
-22
-6
1
-3
4
-26
-16
2
37
-5
8
-17
-6
-42
-7
-18
3
-14
23
-31
3
-6
-12
12
14
13
12
22
-7
-2
1
-25
4
1
8
-22
18
5
-11
3
-38
7
-5
2
-18
-5
-15
-12
28
-16
18
-16
-23
-37
-10
-41
-15
11
8
-25
13
-32
-21
12
21
-2
-12
16
10
11
-16
-13
-2
14
16
-7
11
39
0
8
-30
14
1
45
-38
-17
-13
11
13
-4
8
-22
-32
-35
16
-63
15
-34
0
-32
19
-30
-8
-3
-6
21
-1
3
-26
27
19
-11
-16
-12
41
20
-28
37
-22
42
-18
7
13
44
2
-54
-49
14
-19
-32
-13
-12
-26
-6
15
-40
-12
-22
22
-33
14
-30
-17
-8
7
-10
5
8
-27
2
16
3
-7
-14
9
-20
-27
7
-13
21
-8
-27
34
-8
0
-19
-28
-1
1
-10
0
-11
5
15
7
-5
-20
-22
17
-22
-23
-8
-15
32
25
-5
2
22
2
-11
-15
-21
32
-12
-4
-2
-21
7
-22
-3
-7
9
32
-8
6
9
-8
-10
10
-8
2
-12
8
-27
12
-20
15
11
-9
-3
-9
-21
-1
0
14
10
0
-11
-19
-11
-14
-46
-3
5
-23
12
-4
9
-36
24
-24
-20
46
29
6
-5
-35
-13
0
-15
6
2
-13
-9
-5
-22
7
-9
6
-28
5
-45
2
-3
-3
3
9
5
-11
-4
17
-18
3
-11
12
23
-30
37
11
9
-29
-6
2
9
1
0
-4
11
21
-18
-20
-14
-9
-13
-12
-8
17
-15
-12
-30
8
-17
-5
-1
-10
12
36
37
-23
-9
15
7
16
7
27
63
-35
37
-11
65
-15
9
-22
-21
-20
16
-11
33
-10
-30
-16
4
-18
-44
27
-30
40
-47
-3
22
69
-33
10
-7
-9
21
29
26
-18
29
28
-21
-38
25
39
6
-17
39
-3
36
-44
28
-39
10
-34
21
-33
-13
3
-5
-15
-10
-32
-6
22
-21
-10
-18
9
-14
42
-42
8
12
9
9
24
10
-8
23
30
3
20
10
45
-21
-10
31
-6
3
-22
-11
-8
5
-1
-21
-7
20
7
-14
-5
-28
-3
3
11
2
-24
-25
18
-4
2
-9
-13
9
8
-1
-13
20
9
12
6
-2
9
-7
42
-22
-6
14
-14
-5
-21
-6
20
-2
0
-6
-34
31
17
-20
-28
-23
-20
-18
16
-17
-19
1
38
-6
14
-30
-16
-18
39
-5
11
30
-10
9
3
7
9
-13
23
1
-3
4
-12
6
-27
-4
-6
28
6
-9
-29
33
-19
-26
-9
-17
-33
21
4
-49
-32
-5
33
-18
13
-22
-30
-11
41
8
-2
24
-6
-5
17
-16
-49
10
19
21
5
37
3
30
-27
26
-7
10
-40
-22
-29
-11
0
3
-16
-26
-49
-1
19
-31
2
-30
28
-40
40
-38
-2
10
25
12
16
-4
-5
11
46
-17
-10
0
4
-32
-17
1
-17
34
-12
-25
7
-12
-12
-54
-19
-16
7
4
11
1
-19
5
3
8
-53
-25
19
1
-27
8
-10
39
17
13
-19
18
9
-14
10
-7
21
-15
14
-13
-11
5
-22
-7
6
-2
-20
-30
-4
0
6
-9
-5
23
1
-14
-1
-34
19
12
-23
13
15
18
-9
-4
-13
-4
30
10
9
-15
-2
-14
13
-26
-16
5
6
-9
1
13
-10
23
-12
-40
-7
31
11
-3
-14
3
6
19
1
26
-18
-24
-4
-13
-12
14
42
-25
-1
-54
0
-14
9
18
11
-14
9
-2
-6
16
0
5
11
5
3
19
27
-20
-10
-27
-4
3
9
-7
9
24
25
-5
7
-14
-17
-20
-6
-8
6
1
9
-1
1
-19
-11
-11
10
11
19
-1
9
2
-12
22
-11
5
27
-8
-1
28
22
1
-18
-13
-26
-17
-28
-19
7
34
-13
-11
30
-20
-63
-10
0
-13
-1
-28
5
-6
30
-15
-12
-19
2
37
6
13
21
1
15
23
-13
3
24
-46
12
24
7
0
-15
-34
-28
-10
-21
-15
-27
4
-19
7
15
-8
-44
9
-21
-28
-37
-12
7
6
20
-6
-20
-34
18
17
1
8
13
8
12
38
-6
-3
40
-36
-13
20
3
13
-12
-31
-29
10
-11
-2
-3
17
-8
5
8
-22
-32
17
-4
-16
-1
-16
-1
-24
17
-21
-28
-11
0
35
-3
17
17
-5
9
23
32
10
56
27
1
47
-6
38
-43
-14
9
-14
-5
-16
-34
42
-17
3
-27
-33
-40
-48
19
-11
25
-46
18
-2
64
2
18
9
-1
14
38
14
-5
21
23
-20
-58
-12
10
13
-3
21
-24
60
-57
9
-9
5
-20
-13
-37
-10
36
23
-34
-9
-41
-22
11
-29
5
-29
36
-8
51
-24
-1
28
12
20
15
12
-16
-8
31
11
-24
-10
20
-32
20
25
1
23
-20
-7
7
-20
-19
-21
-17
20
18
20
-5
-24
-21
-18
13
-23
-20
-9
-7
-9
-13
7
-8
54
23
22
-6
7
0
-7
29
38
-2
-20
4
-40
0
14
6
18
3
-6
-22
-15
-4
-16
4
5
6
43
1
8
-14
-18
25
9
-6
-28
-21
7
-13
7
-24
16
6
28
-2
-7
14
0
3
45
-5
0
13
-24
-26
26
3
1
-2
-3
-11
-17
8
-6
1
20
7
48
7
-21
-1
-30
10
5
12
-13
-21
-18
-2
7
-5
10
5
10
-2
-32
5
-10
15
-25
-13
40
1
-11
20
14
6
2
-12
-23
15
9
-3
-18
-20
4
26
37
3
15
-31
-38
-18
-12
-3
-1
34
-50
2
-23
7
21
2
7
-1
4
11
-16
-1
44
8
7
-2
0
12
19
-3
35
-3
3
12
-8
-1
-15
-1
16
2
1
-13
-28
-15
-18
21
-19
8
-18
-25
-1
-1
-9
-24
15
18
16
4
21
2
-18
11
56
-2
-9
16
-32
1
17
-14
45
-18
8
-15
-26
-22
-20
0
19
-2
43
-16
-27
-26
-27
40
-45
-3
-36
-32
-39
14
16
-15
32
12
23
2
23
6
-13
9
34
-7
4
3
-16
15
20
-11
53
-15
32
-6
-19
-41
-14
-9
-8
10
37
-22
-28
-49
-44
30
-52
3
-39
-25
-35
28
20
-14
27
12
28
8
23
-7
-1
20
34
-43
-4
21
-32
16
21
-1
43
-20
16
-25
-10
-32
-8
-9
-8
35
40
-8
-35
-38
-5
30
-43
-15
-14
-17
-22
31
1
-7
55
35
32
3
12
3
-20
20
28
-4
-17
19
-31
16
21
12
-13
-15
3
-20
-49
-15
-13
-13
15
7
24
14
-33
-35
-8
6
-29
-27
-14
-24
-5
29
36
14
28
14
42
25
6
10
-2
17
17
-28
-10
14
-47
30
14
34
-18
-25
2
-7
-30
-34
-30
-10
19
34
51
8
-14
-51
-21
16
-28
-20
-38
-19
-15
1
26
13
48
0
23
8
5
-20
-6
25
40
-28
-52
2
-51
23
17
-4
15
7
-7
-24
-24
-21
-14
18
32
24
47
16
-1
-36
-9
27
15
4
-48
-46
34
-3
35
-7
43
-6
6
7
25
-21
-20
14
90
-61
-29
-18
-56
48
3
-7
6
25
33
-46
-9
-50
1
32
45
40
73
52
4
-32
-4
4
-26
26
-18
-89
33
-17
25
-20
53
-27
2
-12
-2
1
-2
33
67
-41
3
-8
-66
26
0
6
-28
11
24
-39
6
-14
-30
13
17
7
74
45
-8
-9
23
-2
-33
-12
2
-81
24
-22
38
1
52
-13
-17
-12
-39
10
-28
40
10
-3
20
-26
-24
16
7
15
-5
-8
-28
-4
-1
21
-13
-13
18
-8
23
13
1
-19
-8
-35
-9
0
18
-10
-21
-25
6
-6
27
-7
15
14
7
-9
-1
-12
25
-7
2
3
29
4
20
-5
54
-10
5
10
-5
-8
-14
-15
21
-5
-16
-25
-25
-37
-14
9
-9
12
-23
-5
-27
17
-10
-16
-23
23
12
-8
35
-9
-15
3
50
-25
-19
16
-22
47
13
-5
31
-21
-15
-12
-36
-14
-21
-11
14
18
12
7
-43
-43
18
-2
-23
-36
-24
-19
-16
9
39
-17
23
34
32
3
36
-6
-21
2
58
-22
-20
8
-24
39
16
3
17
-7
2
-18
-49
-18
-1
-4
5
19
19
7
-47
-36
14
-15
-17
-31
-26
-33
-12
5
53
-21
18
31
46
12
16
-1
-24
7
59
-25
-12
-2
-34
38
16
7
26
-4
5
-35
-40
6
-9
-3
9
8
25
-1
-39
-40
2
-7
-11
-21
-16
-34
-6
0
31
-16
20
21
25
11
2
9
-19
18
69
-20
-40
-10
-47
32
-6
-8
14
10
-11
-43
-44
28
11
22
24
2
44
17
-1
-33
-9
-3
6
-7
-13
-60
30
-9
46
-6
26
-7
26
21
13
-15
-12
33
72
-46
-36
-9
-75
54
-20
-5
-2
23
9
-51
-49
10
17
42
35
24
54
35
17
-31
-1
-8
7
9
-4
-79
44
-21
45
-13
37
-23
5
2
8
-20
-20
21
75
-57
-6
-31
-70
63
-22
0
-9
29
27
-44
-37
-29
9
42
25
30
53
52
2
-36
-9
-25
-9
18
0
-73
31
-14
46
-17
39
-22
-9
-21
1
-12
-33
25
71
-61
12
-44
-61
72
-41
-15
-29
35
32
-32
-7
-48
-3
27
-7
31
54
53
13
-25
-5
-26
-7
26
-2
-69
48
-5
52
1
40
-25
-15
-49
-1
-6
-23
26
45
-37
26
-27
-47
61
-27
-9
-33
21
36
-15
13
-18
-15
21
2
1
44
34
9
-29
-4
-32
-55
14
36
-64
39
-8
49
-8
46
-10
-24
-42
-28
2
-32
41
15
-5
27
-36
-21
34
-8
-5
-19
2
2
5
19
17
-8
-2
15
-11
16
8
2
-3
-6
-33
-34
11
38
-27
8
-6
10
-6
31
-12
-17
-5
8
-10
-13
-26
-5
-13
45
22
22
9
29
29
32
-27
27
27
-30
-35
12
-14
17
14
0
-15
-25
-38
-36
9
-18
17
-33
20
-57
42
-16
2
0
2
-11
-2
5
-23
-14
15
-3
5
19
27
-35
21
13
-4
23
-18
8
35
-19
-17
-24
-13
-13
4
8
10
-16
-37
23
6
-28
-46
-24
28
-28
3
15
1
32
1
-1
-2
15
-28
-23
-1
16
13
7
7
-21
9
1
-6
12
-3
12
26
-23
-2
13
15
3
-21
10
3
-8
1
31
-4
-18
-21
-4
2
-14
10
21
-11
2
1
6
12
21
-31
-40
3
30
8
23
5
-10
19
15
-11
16
6
28
-4
-43
-2
24
24
5
-16
9
-14
-10
-8
0
5
-14
11
-11
-5
-11
35
16
-14
-1
7
1
7
30
-38
-28
16
37
-15
42
4
-36
40
12
-8
14
6
38
-1
-37
-24
13
25
-7
7
18
0
-5
-10
11
-4
-35
-8
-2
-7
-15
49
28
-5
16
4
-8
-14
31
-41
-30
27
45
-18
41
-7
-39
47
-11
-16
-15
28
45
11
-27
-24
7
30
-26
-21
6
26
14
-2
12
-9
-22
5
16
-3
13
48
56
9
12
7
-16
-21
33
-29
-37
20
39
-22
32
-18
-28
43
-26
-28
-38
33
48
18
-32
-4
31
41
-27
-38
0
23
22
6
6
-13
-14
28
32
0
30
44
58
9
0
5
-24
-24
37
-24
-39
8
26
-32
33
-18
-24
40
-24
-23
-42
30
54
20
-26
7
37
46
-29
-49
-3
19
22
2
3
-19
-16
34
43
3
31
43
51
-4
-11
11
-28
-30
39
-9
-38
15
21
-19
36
-5
-21
45
-14
-21
-40
16
53
18
-18
26
20
32
-34
-55
1
2
16
-6
-2
-17
-33
18
49
9
32
47
53
-5
-6
19
-37
-37
13
-11
-34
25
-2
-2
40
-5
-11
35
5
-3
-21
-1
27
28
1
38
10
2
-12
-33
-3
-11
7
7
-5
-20
-31
6
39
36
-5
28
7
-4
2
10
-37
-23
