2
2
-6
24
-13
25
-15
-11
4
-12
15
-4
27
4
-11
-20
21
26
10
4
-19
-4
-21
-7
11
-15
5
10
-22
11
-4
15
-13
-16
-22
-7
-15
7
31
8
5
-15
-22
12
17
20
5
-21
-18
7
5
-7
-2
12
16
-16
-5
22
12
28
-26
-13
19
-1
11
28
-1
2
-8
5
14
3
4
-23
-2
-29
2
15
-4
-12
5
-19
-15
4
8
20
-1
-12
-3
2
9
-1
13
8
8
-17
-4
21
13
14
-18
-19
11
-14
2
15
-5
13
-14
-1
0
22
4
-20
-12
-19
-4
17
4
-2
7
-4
-6
0
-11
32
-27
33
28
-22
23
0
21
-7
-11
-19
58
30
34
-44
9
-19
-12
-10
-6
-17
6
37
-19
12
-46
39
16
-2
-17
25
-29
-12
49
13
20
-17
39
19
-45
-3
-1
52
42
-30
61
13
46
-23
7
-43
78
-1
48
-74
-38
-13
-63
-28
-31
-39
56
64
-24
32
-78
2
0
42
-36
48
-2
-42
82
2
-8
0
-6
19
-15
28
-18
9
11
-23
19
6
4
0
-15
-21
6
32
0
6
4
-20
-7
-23
2
-12
-5
14
-1
1
-13
41
-16
-16
-9
-4
-32
-5
29
17
-21
0
-3
22
-22
21
-17
-5
5
-14
14
-4
13
1
-12
-7
16
30
-1
5
-2
-5
-1
-9
8
4
-17
8
-5
-1
-2
44
-24
-26
-22
-6
-8
1
17
15
1
8
-18
15
-14
28
-8
-11
-2
-16
33
-15
28
7
1
-10
14
24
5
11
0
-8
-2
-6
-3
-18
-15
11
-17
11
-4
15
-24
-17
-28
-16
-19
-11
27
23
-16
1
-6
26
-13
31
-13
-10
0
-20
20
-9
11
4
-6
-16
14
27
5
7
2
-4
-2
-7
1
-8
-8
6
-8
7
-1
28
-42
-27
-25
-13
-17
-8
21
14
-21
-2
5
26
-35
37
-28
-8
8
-8
13
-9
25
1
-31
4
21
28
5
2
0
4
-23
3
8
-9
-6
-3
-17
7
-4
29
-30
-32
-21
1
-16
3
30
10
4
-13
-6
-16
-27
-8
5
-14
4
-12
-7
12
27
-20
8
22
-2
-4
-1
6
-4
26
-13
-6
-12
-16
-18
12
-29
-12
-1
7
1
-11
-33
6
18
-5
-1
8
2
-12
-9
-6
-10
-7
5
-17
-2
3
-19
-4
16
-8
9
0
0
2
-14
27
16
18
30
16
18
8
-20
6
-9
-14
8
1
23
-27
-25
-10
16
15
-10
-3
-14
7
11
1
-6
8
-17
13
20
-27
-3
6
41
-24
-4
-13
10
23
-33
20
35
22
19
-14
10
0
-10
31
-14
6
-19
31
5
-12
-41
-2
-6
-15
12
15
-30
5
14
-9
-8
10
-24
9
22
-29
-14
26
19
-23
-7
16
24
10
-17
7
37
21
-12
-7
1
6
-19
25
-17
2
-13
8
-5
-16
-33
15
-12
-14
13
12
-15
-35
20
-12
-62
-28
2
17
43
-13
-9
18
39
-49
10
5
34
-24
17
-28
-9
47
-35
-13
-38
-36
7
31
-24
0
-30
12
-6
10
-65
38
49
-14
36
14
-22
8
17
-1
0
-24
-1
-7
16
-36
11
18
41
-22
8
-10
31
3
-29
19
9
30
-20
-2
4
-8
-28
34
-6
3
-13
10
-21
0
-50
-4
20
-12
17
16
-34
-4
11
-12
-20
-6
-4
-10
9
-7
-9
6
26
-22
-8
12
19
0
-34
28
33
43
0
14
14
3
-38
13
-15
-15
-2
8
-6
-22
-44
10
20
-5
-11
2
-3
-12
-10
-24
-16
2
1
-21
-15
8
7
-1
24
-8
7
28
1
-11
-10
18
12
24
6
7
0
19
-32
-5
-18
-10
7
-11
24
-14
-31
5
12
-1
-17
0
-9
-5
-9
-14
-12
-2
-1
-27
-15
0
-14
-1
1
-8
7
24
10
-9
-11
14
12
17
17
8
10
25
-25
-13
-21
-22
14
-3
12
-20
-22
2
15
8
-15
-6
-27
-1
1
-17
-38
8
-9
-24
-1
9
-7
-4
42
-14
-10
54
15
-3
-13
7
-13
33
-16
15
6
6
-27
-12
-28
-16
8
3
-10
-29
-33
9
26
11
8
3
8
4
9
6
-13
-1
-15
18
22
-23
8
17
37
-7
-20
-5
-12
8
-8
-16
19
-10
-8
-34
-14
-3
0
18
3
3
-24
23
-12
20
-16
10
-24
4
16
30
-1
18
19
4
-8
8
-19
18
17
-24
-4
17
12
-10
-26
-16
5
13
-21
-4
42
-4
15
-29
5
0
-1
18
13
2
-30
33
4
12
-6
9
-32
-1
13
21
-13
10
15
-11
4
5
7
20
30
-19
35
28
32
-9
-16
-11
-15
-3
-19
22
35
0
-22
-21
-21
-12
-30
35
16
39
-34
20
-3
36
-34
4
-30
3
12
44
-38
6
22
-8
-9
-3
8
14
8
-20
27
22
-7
-22
-15
1
10
-21
-30
24
31
32
-12
-6
-12
-14
-38
18
14
21
-18
18
-42
7
-32
9
-8
-15
-2
15
-31
-5
11
-9
-23
-2
14
-4
10
1
9
12
22
-29
-13
12
7
-28
-24
23
29
50
-11
17
-3
-11
-48
7
0
7
-4
-16
-9
7
-42
12
21
-3
0
14
-11
11
24
-29
-3
0
17
12
24
-27
49
13
44
-39
-17
8
49
-35
-8
10
56
44
-37
26
-19
-41
-37
35
-17
54
-37
-25
-20
31
-60
20
10
-45
20
19
-18
7
41
3
-18
-22
-18
24
31
-59
38
16
57
-26
-23
-2
37
-7
-36
4
31
34
-31
-14
3
-35
-2
26
-14
26
-32
0
-26
19
-40
17
-14
-29
24
23
-1
1
-7
-3
-11
2
-1
-3
0
-25
6
-9
0
-4
-14
17
-11
-14
-9
11
20
12
3
-2
11
3
-16
-1
-9
-7
-4
-6
-19
-1
-14
10
-13
12
-7
10
20
10
-15
1
-12
10
-1
-11
-8
-22
13
-14
15
-4
-7
30
0
-10
1
8
13
20
-4
4
11
1
-13
-12
-23
3
8
-29
9
8
-25
9
-7
-1
11
10
-10
8
15
-8
-56
5
-14
-9
3
-7
0
-17
47
-14
-27
64
23
-4
-7
-8
-16
32
-27
11
7
-10
-2
-15
-33
6
-5
-8
-12
-3
-31
24
3
-7
15
10
-12
0
23
3
-17
9
-22
14
17
-32
24
12
21
-24
-34
8
19
-10
-3
-4
4
36
-22
-34
-15
-25
11
-1
-2
9
-17
-18
-31
4
-21
4
4
-13
24
23
19
-4
-1
-11
17
25
5
44
55
-27
52
21
72
-24
-15
-23
-13
-5
32
-10
54
11
-38
-18
-36
-29
-14
50
-21
58
-44
3
39
61
-64
25
-4
-13
30
49
-3
-32
23
26
-25
-31
20
58
43
-37
38
29
29
-28
13
-46
-10
-36
30
-28
13
20
-21
-51
-49
-52
15
35
9
46
-45
20
-18
56
-46
22
20
-19
44
37
-24
-1
23
15
-7
1
9
13
8
-17
25
15
6
-17
-14
-31
-16
-7
-16
17
37
25
-1
-14
-5
7
-25
15
30
22
-24
20
-7
20
-32
8
-12
-18
4
5
-13
4
15
5
-21
-10
2
16
16
-18
2
21
17
-25
-21
-21
-18
-2
-25
19
50
30
6
-8
10
-14
-29
19
12
4
-11
31
9
17
-36
15
-13
-5
0
16
-15
11
29
2
-9
10
-15
16
31
-26
-14
25
19
-25
-25
-1
2
9
-11
5
68
19
-2
-13
6
8
1
25
0
7
-17
20
8
13
-25
19
-13
-7
3
19
-5
-11
17
-2
-17
-36
12
31
41
-38
25
33
42
-31
14
-11
11
-33
6
3
20
37
-31
-31
-28
-50
-8
41
-9
38
-32
34
-21
46
-68
25
19
-8
31
43
-16
6
16
9
-20
-11
-3
-1
9
-28
-7
2
9
-17
-19
-8
-14
0
-26
22
18
37
5
-13
19
-12
-23
14
12
-26
-9
6
18
-5
-10
1
8
5
5
3
5
2
-17
8
-3
-3
9
2
2
-14
12
-3
4
7
-2
-30
-24
1
-1
24
22
-7
24
-8
9
4
-30
13
19
-4
-9
16
28
7
-20
-11
-16
15
-4
15
-17
1
12
25
-25
-21
1
7
9
-26
11
1
26
-5
-15
-3
11
6
0
1
4
20
-9
1
20
1
-18
4
-6
8
-3
36
-24
3
-39
1
7
3
9
13
-12
-8
6
2
-2
-18
16
-2
9
-12
13
14
2
-4
-6
-5
-2
-22
-11
27
21
19
-8
4
6
2
-37
15
4
10
-7
-12
-13
4
-31
-1
6
20
-11
2
-19
-8
13
-15
7
-8
22
6
26
-22
28
25
12
-9
-6
-6
-15
-18
-10
27
51
10
-33
6
-11
-11
-43
34
21
37
-30
6
-13
27
-46
11
-17
-2
-8
20
6
0
9
17
-5
-16
11
7
16
-28
30
14
14
-9
-16
-39
-10
-18
-14
15
29
8
-4
-3
1
-21
-18
21
5
16
-17
5
4
29
-26
2
-13
14
4
15
-14
6
18
12
16
-18
9
11
16
-31
29
18
22
-5
-3
-32
-1
-14
-21
13
32
2
-7
0
-2
-1
-23
30
13
19
-15
8
-32
23
-34
-2
-10
10
3
7
9
6
-2
-18
23
35
9
58
50
-14
55
23
76
-21
-27
-6
-20
-16
4
4
68
1
-19
-18
-26
-35
-27
39
-15
65
-49
-4
26
62
-45
26
-22
0
16
66
-9
-8
34
6
-48
-56
7
48
51
-39
27
28
55
-52
-16
12
9
-38
-9
-2
3
52
-36
-24
-32
-73
-4
36
-16
33
-29
8
-2
62
-43
24
26
13
42
50
-6
-20
-1
1
-16
-25
16
26
20
-10
21
20
2
-27
-2
5
-2
-29
-17
29
9
49
-4
-5
-5
-33
-25
28
-7
12
-5
-20
18
11
-23
-3
39
30
7
22
2
9
7
9
16
-17
1
14
10
-26
30
6
15
-3
-1
-40
0
1
-36
32
-16
15
4
13
23
-15
-12
50
39
11
-16
-29
27
15
-1
-16
-8
21
5
0
-12
-2
4
2
29
-16
21
16
3
-32
26
16
9
6
9
-19
-14
-19
-11
32
25
-3
1
4
1
-10
-30
25
7
30
-9
-6
-31
12
-28
-14
-16
14
-17
0
-21
-19
4
1
-29
-12
18
0
8
-6
-3
8
1
-12
-7
27
9
-16
2
15
6
38
-17
8
1
-23
-32
1
-19
11
1
25
-50
-12
-39
2
26
17
-8
14
13
-1
-7
-18
18
-21
25
-13
11
-6
29
6
67
-6
14
1
6
-17
-19
37
6
16
-7
17
-9
-14
-32
32
-25
21
-6
-56
12
11
-36
-17
13
31
-10
14
1
-10
2
-29
34
-12
29
20
25
-22
45
21
61
-22
10
-7
2
-21
-32
42
29
19
-10
-2
-22
-47
-32
58
-32
34
-19
-37
-32
25
-48
-19
10
21
-16
31
8
-8
-2
-24
2
-24
30
23
36
-18
54
18
71
-26
6
2
6
-31
-16
36
15
29
-20
-11
-41
-77
-22
53
-40
42
-16
-38
-17
43
-51
-15
12
32
5
49
-7
-30
3
-16
4
-37
35
29
26
-4
26
28
30
-30
15
1
17
-28
0
28
12
43
-8
-5
-28
-43
-22
42
-26
27
-6
-11
-16
27
-57
-11
42
36
-12
22
-1
-15
-8
0
0
4
18
25
15
-9
14
19
-1
-11
0
6
-23
-21
1
16
22
11
-5
-11
-4
-9
-21
23
0
13
-8
-15
11
17
-12
0
15
19
7
19
2
-4
4
-11
-10
-20
25
23
7
-18
26
22
-11
-25
-13
12
11
-35
-21
22
20
32
-2
5
13
-43
-22
21
-10
6
-7
-17
2
16
-15
-1
25
17
0
12
11
-4
-10
-2
18
-18
4
9
2
-4
38
-20
41
7
10
-11
11
8
-27
44
-5
23
-5
45
31
-24
-23
41
35
19
-8
-64
66
21
-1
-10
-6
38
-18
13
32
-26
-29
4
47
-34
25
-18
-16
6
9
-32
30
24
51
-15
12
-12
-2
46
-7
31
13
84
38
-31
-20
12
-7
49
18
-94
51
-15
-13
-24
12
22
-26
-12
20
-35
-15
13
34
-32
41
-3
-20
17
-5
-13
-16
11
55
-22
0
-13
3
37
-10
24
24
59
33
-10
5
16
-13
30
24
-78
21
-20
-15
-25
24
10
-42
-27
-14
-24
-6
24
-1
2
14
-12
-12
13
-7
7
-14
2
6
-10
2
7
11
17
-11
19
4
-1
25
6
-12
-1
-7
3
20
-10
-20
-35
-15
-27
37
21
-12
-12
6
-1
11
-19
4
-20
-3
0
25
-25
22
19
77
-15
-3
11
11
-4
-22
8
-6
-6
-22
-9
-14
-22
-7
36
-35
20
-7
-28
-21
17
-21
-11
-14
32
8
20
3
-11
-2
-19
-5
-9
4
-9
8
-4
15
13
24
-12
-5
8
1
-8
-18
13
-2
3
1
-6
-9
-9
-12
17
-23
-9
7
-6
-5
2
-13
-10
3
28
-11
8
13
-2
-15
-3
2
-3
5
-11
-5
-9
20
4
4
3
2
6
-4
-11
-10
14
-15
-9
9
-14
-4
-1
-7
6
-16
-8
7
-13
12
-3
5
-20
5
34
-1
11
6
-11
-18
-2
19
-9
8
-11
-2
-2
23
2
29
5
17
-9
-1
2
-6
21
-14
-4
13
-10
-2
11
-9
15
-7
6
6
-29
20
-4
-13
-22
0
42
-16
9
17
-9
-16
9
24
-18
-3
-8
-4
-2
27
-14
36
21
15
-23
-1
17
-15
37
-25
3
4
21
31
-5
-12
32
28
17
4
-59
53
2
2
-27
-14
47
-18
11
17
-33
-27
12
32
-33
9
-25
-25
13
4
-34
16
29
47
-11
-16
13
-11
47
-25
16
18
57
42
-9
-20
9
27
28
23
-78
64
-19
2
-37
-1
39
-40
-6
19
-28
-36
8
34
-30
16
-36
-36
25
-17
-35
18
28
51
-3
-3
8
-2
41
-29
22
18
73
50
-9
-23
-7
-2
33
31
-83
52
-35
-1
-34
12
23
-35
-18
27
-34
-38
-1
31
-31
23
-35
-34
39
-40
-31
-9
25
57
-13
14
-7
13
27
-43
23
13
85
53
-25
-3
-5
-15
36
27
-70
59
-42
-3
-16
27
19
-33
-36
23
-37
-31
9
27
-26
39
-29
-39
45
-42
-21
-23
17
61
-10
10
-6
17
27
-41
22
19
66
46
-15
9
-6
-35
36
35
-66
28
-42
-9
-24
37
8
-39
-39
0
-23
-12
17
-2
-9
39
-24
-25
40
-27
-7
-14
9
36
-3
14
4
25
23
-17
20
5
33
31
13
2
1
-26
8
25
-36
-11
-33
-24
-25
38
1
-27
-27
0
-9
-10
-33
-6
-10
38
38
18
-17
24
31
23
-28
-6
36
-11
-36
14
8
15
16
-26
-8
-35
-60
-24
22
-50
27
-11
15
-32
48
-38
15
4
10
-15
35
3
-2
-22
-17
-12
3
25
7
-9
-10
14
0
-1
-21
-10
30
-22
-9
4
13
-15
10
0
-2
-7
-39
-10
-8
-37
-10
10
26
-20
14
-5
-2
6
0
-14
12
13
3
-25
6
13
11
11
-8
-18
0
12
-2
-5
1
-7
15
-20
13
11
15
-5
-23
11
-6
0
0
19
-25
-24
1
23
14
-9
16
18
-17
-10
5
-19
7
14
-10
-32
1
28
9
31
-11
-11
7
33
-9
21
9
12
-13
-27
13
21
31
-12
-30
9
-10
-9
-13
-9
-10
-21
15
14
7
6
17
-12
-28
1
31
-27
17
12
-27
-37
7
19
3
41
-23
-18
24
17
-17
9
8
29
3
-29
21
32
39
-15
-14
10
3
-14
-16
-12
-20
-36
18
27
10
-13
1
-15
-37
19
18
-32
14
25
-36
-42
7
45
-6
37
-31
-26
51
-3
-20
-15
29
48
0
-26
21
35
40
-26
-45
14
39
5
-5
-1
-36
-20
28
39
13
10
-20
18
-32
18
18
-29
-9
31
-33
-42
9
48
-9
37
-32
-30
62
-14
-21
-37
32
54
-3
-28
23
28
40
-38
-61
17
44
13
-4
11
-37
-10
26
43
15
22
-22
41
-28
12
14
-26
-17
32
-33
-45
10
50
-8
34
-33
-30
65
-15
-22
-38
35
54
-1
-29
27
27
40
-40
-68
19
41
13
-2
14
-42
-9
25
46
17
26
-23
48
-30
9
15
-25
-17
34
-30
-44
8
49
-8
40
-29
-29
60
-6
-22
-30
30
52
-7
-30
24
29
41
-37
-63
16
37
8
-6
11
-35
-12
27
40
14
25
-12
38
-28
8
14
-30
-12
7
-19
-23
19
15
6
39
-9
-20
40
4
-6
-29
12
25
0
-10
22
40
25
-13
-25
4
20
11
11
-2
-20
-17
14
29
37
-22
-15
-2
-18
19
-3
-27
-11
