-11
-11
-11
-11
-7
-11
38
-2
-11
19
-11
-11
23
-11
17
-11
34
-11
2
24
-6
30
25
-11
-11
-11
-11
33
42
-11
-11
-11
-6
-11
-11
-11
-11
17
-11
-11
-11
7
-11
-11
-7
13
37
27
12
-11
-9
-11
-11
-11
-11
-11
-11
-11
-11
-11
-9
25
1
-11
-11
-11
3
-11
-11
-11
37
11
-10
15
-11
-11
40
-11
7
-7
37
-6
44
33
-11
32
27
5
-11
-11
-11
51
27
13
-11
-11
-1
-11
-11
-11
-11
49
-11
-7
-11
37
-11
-11
30
-2
23
43
0
-11
-11
-11
-11
-1
-11
54
-11
-11
-5
-11
-11
15
21
22
-11
-11
-1
-11
-11
-11
47
7
-11
0
20
-11
46
-11
-1
11
39
21
60
46
-11
33
17
19
-11
-11
19
40
4
23
-11
-11
0
-11
2
-11
-11
60
-11
11
-9
63
-11
-11
54
-11
14
23
-8
-10
-2
-11
-9
0
-11
61
-11
-11
3
-10
-11
20
37
50
-11
-11
6
-11
8
-11
-3
1
-11
-7
-1
-11
17
13
10
-3
16
-11
-7
8
8
20
31
-11
-11
-11
-1
3
20
-11
-11
-11
-11
-10
-11
-11
-11
10
-11
-11
-11
-8
-11
-11
-7
-2
-7
-8
29
-11
-11
-11
-11
10
-11
-11
-11
0
-11
-11
-8
10
-7
12
-11
-11
4
-11
16
-11
1
-11
-11
-11
36
-11
5
33
29
41
34
-11
14
17
11
28
20
-11
-11
-11
35
-11
-11
-11
-11
-11
-3
-11
-11
-11
-11
-1
10
-11
-11
-2
-11
-11
8
-11
4
-11
23
-11
10
-11
-7
-11
-11
-11
-11
4
-11
-11
5
-7
-7
-6
-1
8
-11
-11
-11
-11
26
11
28
27
-11
-11
10
-11
-11
-3
13
-2
16
8
-11
-1
-8
-10
-11
-3
-11
26
18
25
-11
-11
-11
15
-11
-11
-11
-7
-11
-11
-11
30
-11
-11
-1
24
32
32
-11
-11
3
-2
-1
-11
-11
16
-11
-11
14
14
-11
-10
17
-11
-11
36
29
28
-11
-11
41
34
38
32
-11
-11
5
-11
-8
-11
-10
46
30
5
-11
-11
-11
40
31
-1
-11
60
7
62
-7
14
-11
11
46
24
-11
33
-11
29
-3
34
-10
-11
31
14
15
40
-11
-2
2
-3
26
24
12
56
-11
3
37
38
-11
-11
0
5
-11
3
-4
43
-11
-11
35
6
47
-6
122
1
-8
-11
9
38
-4
62
79
31
-11
-11
-11
46
49
-8
44
20
-11
71
29
-6
-11
-11
86
-11
-11
35
-11
65
18
46
-11
-11
70
-11
5
-10
-11
62
47
-11
51
36
17
63
-11
6
53
50
-11
-11
6
51
-9
21
15
-11
-11
-11
1
8
0
23
32
-8
12
14
-11
21
9
3
8
-5
-11
-10
-11
2
2
5
20
6
3
-10
4
-11
-11
6
-11
11
-11
-3
-11
-6
17
2
-11
-11
-11
9
-1
24
2
1
11
10
3
5
6
-11
-5
51
10
28
-11
-11
-11
-5
-11
13
18
-11
3
-11
-3
2
-11
-11
52
-11
1
32
-2
55
15
-9
12
-1
-10
5
-2
-9
-3
-11
42
-11
-11
-1
29
-11
-11
-4
-11
-11
-11
-7
24
19
-4
-6
-11
-11
19
-11
-2
-11
5
-11
33
8
21
-10
26
-11
-11
8
13
20
-11
-11
11
-11
0
18
-11
-1
-11
-11
5
16
68
71
-11
-11
-1
-11
3
-3
8
7
21
7
-11
-11
-11
20
19
1
-11
36
17
31
-11
-11
-8
29
-4
2
-11
-1
-11
2
-11
11
-11
-11
0
53
45
59
-11
-11
11
11
17
8
19
-10
-11
25
41
22
-11
-11
-5
-11
9
23
9
-4
-11
-11
-11
19
15
24
19
-11
2
-4
-11
1
-6
31
0
-11
-11
-11
-3
4
6
4
-11
5
9
-1
-11
35
-11
-4
32
10
-11
2
-11
-7
27
18
-9
-7
-11
28
-11
-4
-11
1
-11
15
-11
32
17
15
-11
69
-11
22
-11
-11
-11
21
20
-5
0
31
-11
10
-8
-1
-11
-11
3
10
-11
-8
-11
-5
-11
27
-11
-11
-11
-11
-11
3
13
46
-11
-11
-11
-11
0
28
-11
-10
24
44
-9
-11
-11
9
8
-1
26
8
-11
-2
-11
-11
-11
23
-11
45
-11
0
-11
-11
6
34
-11
0
2
-11
-11
13
1
21
8
13
-11
-11
-11
12
25
31
-6
-11
0
-11
-9
2
-8
16
-11
-11
-11
-11
-11
-7
-4
9
-7
-11
9
-4
-3
-2
-11
16
23
33
-11
-3
-11
-6
31
-11
-11
-7
-11
20
-9
-11
-4
19
-7
37
-10
25
8
-4
-6
50
15
13
-11
-11
1
11
-11
20
9
-11
-7
-11
-11
-11
-11
-11
52
-11
3
44
-8
60
22
-2
32
-1
1
0
-11
-7
3
-11
50
-11
-11
-11
23
-11
1
-1
-11
-4
-11
-11
10
2
9
-11
-11
-11
13
-7
-9
-11
0
6
28
8
3
-9
19
-11
2
43
29
3
-11
-11
7
-11
49
-11
-11
0
13
0
-11
-11
-5
-11
-11
34
-11
-11
-11
-11
-11
-4
-11
-11
21
-11
-11
-11
29
76
-11
-11
-11
-11
-7
-11
25
-11
14
49
34
-11
7
11
-11
-11
19
-11
-11
-11
-11
-11
-11
-11
-11
-11
-11
-11
-11
-11
38
-11
-11
-11
30
-11
-11
-11
30
-11
-11
4
4
10
-11
-11
-11
-11
-11
28
-11
-11
-11
-11
-11
-1
-11
-11
28
-11
-11
-11
2
53
-11
-11
-11
-11
-11
38
22
-11
23
44
9
-11
-4
14
-11
-11
37
-1
-11
-11
-11
-11
-11
5
-11
-11
-11
-11
-11
0
14
-11
-11
-11
30
0
-11
-9
31
-11
-11
-6
0
12
-11
-11
-11
-11
-11
28
-11
-11
-11
-11
-11
2
-11
-11
27
-11
-11
-11
-11
37
-11
-11
-11
-11
-7
61
15
-11
30
27
6
-11
10
22
-1
-11
37
7
-11
-11
-11
-11
-11
27
-11
-11
-11
-11
-11
21
17
-11
-11
-11
27
9
-11
-2
12
-10
-11
5
2
3
-11
-11
-11
-11
-11
29
-11
-11
-11
-11
-11
10
-11
-11
29
-11
-11
-7
-11
30
-11
-11
-11
-11
5
88
25
-11
29
40
0
-11
10
46
4
-4
19
1
-11
-11
-11
-11
-7
15
-11
-11
-11
-11
-9
47
11
-11
-11
-11
27
21
-11
27
14
-11
-11
-11
47
36
-11
-11
-11
-11
-11
33
-11
-11
-11
-11
-11
-11
-11
-11
29
-11
-11
-11
16
13
-11
-11
-11
-11
16
7
49
-11
23
7
39
-11
23
1
-11
-11
21
-6
-11
-11
-11
-11
-11
35
-11
-11
-11
-11
-9
-11
33
-11
-11
-11
20
17
-11
-11
