15
9
-15
9
36
25
39
26
-6
-18
-8
15
15
30
14
15
4
-25
15
10
37
20
27
14
-4
-3
-6
8
11
18
10
-10
17
-37
15
33
32
18
11
2
3
12
8
6
6
6
6
-12
11
-24
29
36
36
20
27
-2
0
25
4
-2
4
0
0
-3
10
-30
25
45
25
1
8
-5
9
19
6
-8
2
0
-7
-7
4
-27
21
27
29
1
27
1
20
15
8
-7
12
19
-7
0
7
-24
-5
3
49
-1
-4
9
14
12
-18
1
28
34
-28
1
-7
-1
-20
-11
-9
6
14
-5
10
-3
9
6
26
-6
15
-8
-1
-27
7
-6
53
14
44
12
24
0
2
12
65
34
-18
-32
5
-17
-51
-25
26
-24
43
15
-9
-11
-28
32
38
44
6
-10
-4
16
-47
-15
-17
13
30
11
17
-25
-13
22
7
18
39
13
-9
7
24
-25
40
7
39
24
53
12
10
19
40
27
3
23
5
-36
-27
32
34
-24
9
30
-18
-24
-7
25
-2
19
19
-22
7
-3
4
-1
-3
23
21
33
-17
-30
-5
27
-22
-16
31
-20
16
-13
26
5
40
29
37
8
-25
-10
-1
18
15
10
1
-12
30
-20
-6
3
36
5
7
-7
-39
7
-2
20
25
18
-6
-22
20
-9
17
0
34
25
39
-5
-16
25
-5
10
26
19
-17
2
19
-22
-25
14
12
-8
7
2
-25
-7
1
21
8
12
14
-25
-1
4
10
22
5
16
24
17
-5
-21
6
13
1
-6
8
-11
4
3
-27
7
10
1
22
8
-22
-12
12
15
7
-11
18
-20
19
-23
17
27
40
7
62
-6
-10
-14
-24
17
20
33
-12
-13
15
-46
18
44
10
6
20
-20
12
-6
-2
-1
-2
7
7
-23
11
-34
15
60
12
23
17
-15
16
33
26
1
6
-15
-5
-23
15
-33
9
46
19
19
29
-24
-5
28
10
0
2
-9
-8
-33
5
-33
-3
54
10
4
11
-22
19
15
18
-11
-1
-3
-3
-32
9
-20
-5
11
-1
1
24
-21
39
16
9
1
-6
20
-14
15
17
-16
-29
-6
-1
-3
8
-6
41
18
-8
34
-1
43
-9
5
17
4
-33
5
-60
6
36
-2
21
-9
-3
49
-45
-1
33
18
-2
-54
2
-35
-2
-3
57
16
52
-22
8
21
28
52
-32
27
11
-28
-28
-11
-16
-22
59
-2
-3
-12
-27
42
-12
53
28
19
16
-8
12
5
-17
28
41
17
14
-12
-7
18
-8
9
19
8
17
-30
13
-15
19
-5
39
22
18
7
6
28
9
12
5
8
-2
-47
-3
25
9
-19
30
14
-5
-32
1
28
-15
4
24
-19
-5
-15
28
2
13
7
27
15
-7
-32
-5
23
-48
-15
24
9
11
-44
42
31
20
11
31
-6
-11
-11
14
14
-18
0
-13
-6
25
-39
19
23
13
12
31
-16
-18
8
21
24
9
12
-32
-22
16
-33
-1
-2
14
7
31
-13
-12
9
13
35
6
23
-5
-4
11
-27
-14
18
3
-10
-1
-8
-3
-23
2
40
-18
4
33
-16
-6
-11
23
17
16
13
13
4
3
-31
16
8
-9
-8
19
8
2
-4
-6
29
18
3
24
0
-18
-26
-7
21
-2
-19
30
-9
21
-15
16
0
28
-9
25
-1
5
0
5
33
12
44
-13
13
19
-14
4
3
2
14
4
-7
18
8
4
22
-17
30
15
23
-4
-28
16
36
20
32
-1
-21
21
23
17
-13
4
0
-4
-12
-4
-26
6
45
2
20
18
-17
16
8
-1
-1
-4
15
-5
-23
2
-6
-7
15
10
11
14
-26
55
20
1
10
-20
25
0
19
26
10
-18
-9
-7
10
17
-23
38
30
9
32
-24
27
-17
21
30
0
-56
-18
-1
-10
49
-3
23
6
16
28
9
11
14
3
14
-10
-14
25
-25
-11
44
11
5
-27
3
32
-17
-19
13
-13
10
-38
11
-11
8
-7
37
41
11
-19
5
35
18
47
-28
-4
34
-5
-17
9
-30
-22
43
-2
1
-30
-15
36
-18
26
23
3
31
-15
16
46
-5
8
46
26
12
-19
7
1
-5
-16
1
-31
39
-39
-31
42
21
5
39
23
8
-11
15
45
0
5
5
-50
3
-16
-35
18
-18
8
-1
38
7
-15
28
48
-39
11
6
-4
1
-6
-5
-14
6
6
-2
31
-2
-17
35
41
-38
-17
22
28
30
-32
3
19
10
3
-4
-1
-29
17
26
21
-39
-8
-18
5
29
-15
4
14
18
11
-9
-8
-22
35
30
32
3
20
-17
-7
19
-22
7
8
2
6
-6
-10
-8
17
21
35
-8
30
6
7
24
-10
9
-3
-3
3
-22
0
-7
-4
26
46
-23
8
32
26
12
-6
35
16
5
9
-14
-5
-21
-15
8
15
-30
1
21
12
5
-5
9
22
2
4
-3
-11
-9
-14
6
23
-6
-12
19
-4
30
1
16
-11
12
-9
36
-2
15
5
15
14
7
38
-12
35
30
7
-7
-11
7
-12
17
2
7
22
-4
37
-24
38
-8
19
1
-25
9
19
7
5
-25
-3
8
-6
-6
18
-39
44
-10
12
1
-6
12
4
-12
18
-8
-19
33
15
-5
29
-41
43
-4
29
18
8
-8
7
-7
9
21
-24
42
19
16
35
-36
41
-4
29
44
-13
-15
23
7
5
39
-24
-20
15
5
24
-4
38
-37
-37
49
0
-43
33
-4
-18
43
8
-33
-4
0
32
-5
12
-10
-41
31
-24
-14
16
-27
-12
24
32
-35
-22
4
45
-33
-11
1
-20
23
-25
3
25
22
-9
25
21
-9
-18
1
34
3
48
-2
-22
36
-8
-3
4
-26
-16
45
2
-3
-37
-4
42
-17
13
32
-22
50
-20
33
49
-4
-5
41
9
-16
-25
-5
1
-11
-2
-9
-33
50
-39
-17
40
0
-2
60
26
-35
-9
-4
48
6
5
-33
-54
19
-8
-44
5
-6
1
8
37
-8
-22
0
49
-20
24
-11
-29
10
-5
-24
-30
-20
22
-12
40
-46
-15
16
46
-44
-1
0
-8
15
-19
-9
-5
8
12
3
20
-32
9
25
38
-9
-10
10
4
25
-2
-19
9
9
-5
0
1
-21
18
25
37
8
10
1
9
25
-10
-11
6
-8
-13
7
1
-22
16
22
23
-7
9
20
27
28
-31
-4
31
23
-16
8
20
-21
7
18
18
-4
-4
7
-4
3
-22
12
25
21
-6
-13
18
-33
5
-2
32
-8
0
12
-7
9
10
-6
6
-10
0
-5
-5
-10
-10
7
29
-5
-5
26
14
16
7
-23
8
3
-11
30
-17
19
7
14
7
-4
49
-8
27
35
-8
-34
-7
10
-20
31
-20
31
24
17
33
25
39
-19
-13
4
26
-58
-40
5
-21
26
21
49
19
3
38
5
22
18
56
15
11
-40
-19
-37
-1
3
19
18
23
11
63
-28
20
23
47
21
-8
2
-25
-24
7
28
18
-9
-5
9
57
-13
44
-15
15
47
-25
-25
-2
-20
-34
41
-2
-45
-9
-1
69
15
48
-21
-27
39
-10
-14
-11
-15
-34
1
20
-9
6
-3
66
3
46
8
-22
38
-1
18
-1
-41
-2
10
32
-36
3
-10
54
-48
2
1
-7
39
-6
-9
13
-26
-10
26
27
-28
-28
16
63
-16
55
-12
-3
32
1
28
7
-35
3
13
1
-11
-39
18
56
-31
19
11
20
47
-27
12
42
-1
-1
31
-1
-25
-13
13
17
-8
6
-16
-38
38
-24
-23
12
-15
-17
22
-4
-25
-13
-8
46
13
28
-1
-48
26
2
-18
4
-17
3
30
32
-9
-16
-13
48
2
27
-26
-21
27
-6
-23
12
-7
10
25
39
-32
-26
-33
45
-37
28
-16
-27
9
-16
15
-8
-13
8
17
36
-29
-24
-15
36
-15
5
-23
-22
9
-17
5
-1
16
-1
6
7
-17
-6
9
22
17
6
0
-5
12
21
26
-16
11
19
14
-1
-32
-10
-31
25
-9
20
17
25
3
-22
33
15
35
7
8
9
-22
-6
-17
37
-4
18
15
-13
-5
-25
25
14
27
25
-5
3
-7
-16
-10
51
9
21
10
-5
-3
20
-16
15
6
6
18
-9
-2
-23
-6
15
9
8
34
-4
-12
31
-53
-24
-8
-9
44
4
25
5
-2
29
30
25
-10
18
2
11
-24
-50
-16
-3
31
9
3
3
13
43
29
29
-22
17
24
28
-20
-38
-10
-6
36
9
10
7
18
30
4
15
5
19
13
-16
-6
14
1
38
43
30
-10
-5
-7
17
-2
32
-2
-16
30
-18
-17
-13
28
-5
44
63
-3
-31
-12
40
15
70
-18
28
15
19
30
-14
17
-14
8
43
-12
-20
-13
65
10
69
-12
52
35
-14
11
8
0
-15
23
37
25
-5
-3
41
-32
28
-7
20
35
-20
3
26
-4
-14
7
54
-16
-23
-30
52
-49
21
-22
1
12
-3
31
4
-24
-8
22
32
-11
-30
-5
62
-13
47
-2
5
27
-6
42
22
-18
6
-6
1
-1
-20
13
47
-21
26
-1
30
36
-13
1
39
4
10
-13
-6
-6
-2
30
37
-7
25
-1
-10
-4
22
-31
-57
-9
6
42
12
21
-31
4
68
-2
11
16
42
29
8
-16
-54
-11
11
58
33
-24
-44
11
72
23
49
-17
14
36
-11
-56
-5
30
-17
33
62
-12
-29
-28
63
23
56
10
-34
9
-16
7
4
-5
21
3
47
-14
-45
-30
61
-23
36
4
-10
-4
-8
30
-2
13
5
-15
20
21
-5
24
33
-7
0
34
27
37
-3
39
16
34
17
-35
11
-31
29
1
59
-25
23
42
30
26
-17
40
22
26
23
-45
31
-28
14
3
59
-39
23
42
28
17
-22
40
-12
11
55
-59
37
-46
-2
-6
67
-38
40
39
43
10
39
27
-26
-3
39
-15
3
-7
-14
-19
44
-4
23
38
44
0
26
9
-33
11
13
35
6
-9
-12
-33
30
26
41
-6
18
5
18
21
5
-28
18
14
0
5
-5
-7
13
-3
15
0
11
33
-24
27
56
0
23
41
12
3
-18
-2
-6
-31
21
-12
-24
58
-27
25
30
27
-17
62
-14
-30
-14
-35
-14
-12
48
-7
-27
57
5
29
6
40
-23
52
4
-2
-12
-9
7
37
73
-28
-17
46
-13
14
19
21
-11
6
6
-6
-12
-13
25
7
71
-33
-6
50
-38
-40
25
6
-24
40
19
-39
-15
-7
40
-10
23
11
-37
51
-21
-11
41
7
-44
6
24
-11
10
-28
63
-18
36
3
-35
23
19
48
-12
-21
0
-16
12
-5
-13
-18
63
-58
56
4
45
40
11
29
12
-14
22
-33
4
12
14
12
72
-18
51
-3
24
31
-7
-20
5
-5
9
-46
-2
-3
20
9
59
-19
40
9
12
13
18
-20
-64
-12
10
29
1
29
-21
38
78
2
32
28
45
52
-19
11
-26
8
9
57
19
-47
-17
-14
33
-18
79
8
15
46
-29
-1
6
24
-4
69
62
1
0
-11
73
4
70
-31
-42
10
-29
-20
-8
5
-4
9
37
-1
-40
-35
72
-53
48
12
11
-13
-16
39
-28
-5
32
7
33
44
0
6
53
-31
23
42
56
19
-38
40
16
39
21
-7
4
25
55
36
33
1
1
27
14
36
-30
37
36
41
23
23
18
0
51
37
30
-8
3
23
19
35
-39
21
48
51
33
7
50
-26
27
13
31
-1
29
-2
5
4
-2
14
10
27
32
-5
23
-31
-7
-23
41
-8
38
31
24
27
-16
7
2
-12
1
15
22
-10
-18
-7
53
-5
51
11
20
27
-11
36
-1
-43
29
19
8
-25
-20
-4
49
-33
13
8
10
54
-35
14
35
-11
-6
51
14
-26
-18
6
42
-18
26
-9
-17
68
-38
-32
13
-8
-24
46
-6
-20
5
30
44
12
39
-9
-24
61
-3
6
-30
-1
-15
33
-11
29
-3
25
30
6
60
-4
26
61
-13
-14
-18
-30
19
21
-14
-32
-17
24
61
-16
67
15
6
48
13
-8
-40
-44
0
21
12
-7
3
12
69
-25
19
20
31
32
-6
11
-9
-1
-24
32
34
5
14
20
62
-9
9
21
23
45
8
20
29
-2
-12
22
13
-13
15
16
46
-17
31
-1
17
60
25
31
37
24
-1
15
13
19
27
30
34
-7
47
-36
-3
45
26
-25
13
44
14
15
23
4
2
6
24
-10
49
-14
20
10
-21
-1
21
7
1
55
15
-26
-21
-5
26
-32
44
-21
15
42
-40
11
32
5
-32
40
1
-13
-3
20
39
-22
61
-27
-10
55
-30
-2
7
3
-28
16
23
-22
10
7
81
-12
73
-8
-25
51
-27
6
-5
-26
26
27
30
-22
3
-26
95
-73
60
39
27
47
-28
31
35
-15
16
10
22
31
24
11
44
-65
0
8
34
48
-24
-8
7
-3
10
10
35
-5
27
23
47
-45
-20
-13
17
35
-19
16
-2
-19
40
21
17
-53
26
3
60
-35
11
-3
-3
37
-48
9
13
23
19
41
3
-37
21
12
40
10
41
-22
-34
24
-30
-11
24
6
6
13
-9
-30
-3
-13
42
-9
42
12
-5
25
-23
21
38
7
9
30
40
21
14
24
40
-4
3
-4
28
48
-25
22
8
11
21
20
47
-49
-16
-1
72
-33
3
-4
11
53
-23
28
-19
-6
24
51
47
-57
-10
-3
75
-10
27
3
20
47
-15
-14
-16
-24
-7
42
17
-27
5
1
89
-16
35
6
18
38
-7
-14
-30
-49
16
39
20
-23
3
42
69
-24
35
8
44
41
-18
-12
11
-10
1
43
11
-12
16
50
62
-9
18
3
23
58
-26
-2
46
6
3
42
42
-19
26
20
31
-7
8
2
-4
27
-27
1
15
-2
11
31
44
-28
4
6
53
-11
15
-23
11
24
-15
-34
-31
-16
5
49
22
-33
-12
18
64
-2
23
8
0
42
-10
0
3
5
-6
58
18
-31
-13
12
45
5
51
-29
-18
58
-1
-42
-8
53
-21
51
-4
-19
-11
-1
29
42
70
-40
-57
18
-22
-27
3
3
-1
22
6
-30
-24
-1
44
-19
37
14
-15
22
-1
48
2
3
10
12
3
25
10
48
38
-43
19
13
34
56
-6
23
36
3
7
14
3
12
40
56
52
-39
14
9
32
49
-18
27
42
16
32
36
8
-7
17
23
53
-40
12
11
12
49
-42
16
60
35
-3
38
40
-19
18
1
27
-17
-11
7
-31
45
-43
12
63
35
0
24
52
-21
15
-11
60
-15
-4
-16
-18
35
-34
30
24
5
30
-6
53
-31
4
-15
70
-41
25
-32
15
23
-26
29
-2
-23
34
6
33
-44
8
4
69
-26
37
-26
4
4
-14
-11
-20
-23
35
19
0
-9
-3
6
60
-3
37
11
30
10
-41
19
55
18
15
29
13
-4
-1
5
3
-2
2
1
-16
28
-47
37
77
37
15
28
32
-19
14
-10
39
-17
4
-32
-14
44
-57
25
33
25
28
34
42
-42
10
-8
43
-3
16
-34
-19
38
-35
9
40
-7
7
28
30
-16
27
0
52
-5
30
-29
9
24
-20
0
22
-1
26
9
19
-17
17
-1
47
-1
53
-31
6
21
-31
6
39
9
7
19
18
-25
17
-7
31
-15
48
-19
5
27
-54
12
50
16
-10
23
28
-26
11
-16
25
11
33
-31
-38
14
-29
6
46
22
9
11
24
-8
3
-18
55
1
48
-24
-13
9
-2
26
-15
2
30
17
17
3
-21
3
48
-22
46
-13
40
39
-14
39
-36
2
14
34
26
-17
-8
11
50
15
68
-25
48
43
2
0
-58
22
9
39
18
5
-16
13
81
9
79
9
22
18
-13
-4
-36
-11
34
38
3
-15
-11
16
73
-47
43
41
36
30
-22
-2
34
11
32
38
11
9
10
37
28
-49
-8
21
4
42
-38
14
65
25
11
34
-10
-11
27
17
12
-13
3
-1
-19
42
-30
25
68
37
17
41
-18
-14
31
6
25
-4
5
3
-26
45
-49
9
70
25
15
31
-10
-31
35
6
10
13
-4
4
-49
32
-47
4
68
19
16
29
12
-27
35
-2
19
6
-1
1
-40
16
-35
36
54
24
36
3
42
-13
19
-17
42
-3
17
-24
2
15
-21
22
37
26
49
-23
51
-9
20
-12
52
-6
30
-38
15
6
5
17
-8
-6
41
12
17
-12
-8
-4
50
-4
43
3
36
5
-35
29
49
14
12
21
-10
-8
-14
-4
8
-8
20
-14
2
18
-44
16
54
27
9
32
-8
-24
25
-8
9
4
9
-26
-36
30
-46
8
57
23
9
26
-8
-26
22
-3
9
18
16
-40
-49
26
-24
-11
38
-2
-6
39
-10
-2
8
-20
25
-3
31
-4
-23
18
-13
17
24
26
28
31
8
16
7
-8
28
21
48
-31
2
7
-13
-5
25
31
3
27
-12
2
-9
-19
32
-2
44
7
2
-4
-27
29
30
27
10
9
10
11
-3
1
31
21
55
-27
1
3
-11
8
25
29
10
30
5
-6
9
-8
40
7
48
-18
-1
26
-10
24
10
31
24
34
-2
9
9
-10
18
-28
42
7
22
63
-27
35
14
27
3
28
7
-11
26
9
39
-5
49
12
20
54
-27
28
15
-1
6
32
15
-6
12
29
82
-30
45
11
33
34
-16
32
25
-8
36
22
-2
-24
13
19
57
-44
32
14
36
39
-31
33
54
12
30
33
-11
-13
9
7
37
-28
14
-6
-8
36
-34
19
64
27
17
33
-34
-13
34
3
20
6
8
-2
-31
28
-31
10
64
25
20
26
-34
-9
43
27
19
18
0
-3
-25
17
-29
9
59
19
35
22
-34
-9
49
32
10
25
3
-7
-22
14
-31
14
55
17
42
21
-28
-19
51
18
6
24
2
-10
-22
15
-40
24
56
16
48
13
-3
-32
39
-11
14
16
10
-13
-23
9
-30
34
56
27
44
5
19
-11
29
-18
29
18
17
-26
-15
2
-16
9
37
22
20
-3
-2
-1
-6
-18
25
6
28
-7
4
7
-23
2
33
10
9
9
15
16
0
14
24
-2
28
-25
17
24
-16
-31
28
4
-5
21
-9
2
29
19
32
2
20
-2
-13
1
-35
1
40
6
8
15
-16
6
11
17
24
4
33
-24
-19
15
-20
21
-3
9
13
28
-29
-21
-8
10
29
4
40
-13
-2
34
-1
2
-36
26
19
28
-12
2
19
-3
48
25
57
-11
2
11
-9
-20
16
23
8
10
-15
-4
10
-8
28
-2
40
16
2
-4
-18
18
6
23
21
-18
-11
22
29
11
17
0
40
-17
25
4
-17
27
22
25
27
9
-3
-1
26
1
37
-4
39
-11
25
20
-26
26
36
25
20
26
-18
4
17
11
16
-11
9
6
4
35
-29
22
57
33
2
25
-14
10
50
39
-1
-1
-12
5
-2
26
-23
36
49
29
22
20
-8
-5
42
30
22
-4
7
1
18
21
-20
35
65
29
30
17
-3
-7
36
7
34
-5
19
-6
9
25
-27
35
61
29
30
20
-14
-5
28
13
32
1
18
-3
-5
23
-31
17
63
27
26
19
-27
-9
44
26
20
21
3
-8
-19
11
-26
12
59
19
38
14
-33
-8
49
34
10
30
2
-14
-19
-2
-23
16
54
21
53
7
-33
-4
54
29
13
33
6
-19
-8
-5
-21
22
56
22
56
5
-35
-3
55
25
11
28
7
-15
-4
4
-28
26
54
22
55
12
-23
-9
51
15
13
27
10
-14
-7
2
-35
20
57
21
46
12
-8
-5
28
1
15
23
11
-18
-19
-9
-20
6
26
12
23
18
-12
-3
-2
-14
20
12
14
-3
1
6
-29
-31
13
8
0
33
21
-4
-6
2
23
37
17
-33
-3
0
28
-40
-11
13
-3
35
23
17
-8
-22
34
27
22
-1
12
-19
-28
-26
12
10
6
5
31
14
-27
17
28
14
49
-16
2
-6
-7
15
13
28
2
1
4
5
14
13
18
-4
30
10
45
32
-22
4
25
16
20
-1
0
12
32
15
16
24
31
-21
10
7
-13
-16
22
6
4
18
-6
21
26
1
24
-5
15
0
24
6
-23
22
29
16
17
-6
-10
16
31
13
7
-4
21
-17
14
5
-18
23
25
26
20
-4
1
2
35
-1
38
20
39
-32
6
3
-22
-5
40
18
17
14
-3
4
29
13
28
-2
19
-12
-2
11
-31
-4
45
23
19
16
-19
0
39
24
15
18
9
-2
-23
8
-23
18
59
26
36
17
-32
-3
54
17
6
20
11
-6
-12
13
-25
25
61
27
39
15
-35
-13
48
16
14
21
10
-12
-15
11
-27
21
59
23
36
15
-33
-9
47
20
18
22
8
-8
-16
6
-24
18
57
21
42
7
-34
-7
52
28
11
28
3
-16
-15
-1
-21
17
52
19
53
3
-36
-7
54
25
14
31
7
-16
-13
-9
-19
22
54
24
59
-1
-35
2
59
21
11
36
7
-17
-7
-8
-19
21
53
21
58
1
-35
0
56
21
15
32
11
-15
-5
-1
-25
22
51
20
57
6
-31
-10
50
16
10
28
13
-15
-8
0
-34
17
53
20
47
6
-14
-11
33
11
13
26
13
-23
-21
-8
-16
7
23
11
31
12
-13
5
9
-2
19
12
16
-3
6
11
-13
-24
-1
-4
-3
25
2
-1
-1
-12
23
20
28
13
20
9
-16
-5
11
28
23
42
19
5
1
-15
39
25
31
-22
-27
-14
-11
-6
-19
24
22
32
18
-20
-20
-19
24
19
34
-6
-2
-13
8
15
3
33
-1
25
3
16
9
-10
9
17
15
11
29
13
-1
-7
22
24
16
6
-8
9
25
1
15
38
5
-25
9
-5
-5
-11
5
17
15
5
3
19
22
-11
18
19
18
-10
24
-7
-22
0
14
17
18
18
-7
21
27
2
23
8
26
-3
10
12
-25
-6
12
36
8
14
5
0
39
8
38
36
19
-43
-12
-2
-8
-1
29
17
19
29
2
-22
11
-14
42
-5
23
-11
9
-11
-28
26
36
12
38
15
-25
10
22
7
20
12
28
-25
6
7
-23
9
46
12
37
10
-39
-8
46
25
10
25
13
-18
-16
2
-26
10
47
18
44
1
-36
-6
56
26
8
32
9
-21
-14
-2
-24
8
46
17
45
0
-33
-1
56
22
12
28
7
-22
-12
-3
-21
7
47
19
47
-4
-32
-1
57
25
12
32
9
-24
-12
-7
-21
13
43
18
53
-7
-33
0
56
21
13
33
13
-22
-8
-8
-22
11
43
20
52
-7
-34
0
57
21
13
35
11
-22
-10
-8
-23
13
39
18
51
-4
-34
-1
54
20
16
33
15
-25
-7
-5
-27
13
39
16
49
-6
-30
-12
49
19
19
30
21
-28
-8
-6
-29
14
36
17
45
-15
-13
-10
40
10
23
24
25
-25
-15
-6
-20
4
18
15
31
-5
-12
-13
14
-3
22
12
25
-6
4
13
24
-16
-47
5
1
62
8
4
4
-9
39
25
26
26
15
13
-24
-4
17
25
7
30
23
23
22
24
26
38
32
-42
-27
16
3
-30
-13
13
11
19
0
-19
5
10
36
-4
42
-1
-20
-5
-12
3
10
12
28
-11
-7
14
10
29
3
29
27
-17
-13
3
6
4
7
31
34
-3
-9
21
32
21
6
50
14
-17
-5
9
43
-23
-25
30
18
9
-7
33
27
-13
-8
38
19
-7
23
-17
-1
2
18
18
26
11
0
9
17
8
4
27
18
-18
8
1
-9
1
26
37
21
6
8
19
44
26
22
36
10
-19
-22
1
9
-4
15
33
24
-3
-3
-2
36
8
29
17
28
-19
-12
1
-1
2
20
26
41
-25
-3
10
39
20
16
18
30
-14
-4
4
9
-13
19
27
41
-16
-17
14
62
30
14
24
15
-13
-6
1
7
-13
18
30
47
-19
-20
14
68
33
13
31
14
-17
-8
-1
6
-14
17
27
50
-20
-17
14
70
34
14
30
15
-17
-8
-2
8
-10
15
28
52
-21
-16
19
70
32
14
31
16
-18
-3
-1
9
-12
14
30
52
-22
-17
20
71
32
16
30
15
-16
-2
-2
7
-13
16
28
53
-22
-15
17
71
34
15
29
16
-17
-4
-2
4
-11
17
29
55
-21
-16
18
71
35
15
30
17
-18
-3
-1
7
-13
17
27
53
-24
-13
18
65
35
16
25
22
-18
0
-6
9
-6
9
34
44
-11
-1
23
60
31
24
30
27
-23
3
-2
1
-13
3
21
28
-3
-10
6
24
7
22
14
45
-1
5
