35
10
-31
31
25
22
71
57
6
-10
8
37
31
43
30
21
33
-27
-5
36
30
20
55
30
-1
8
23
25
27
35
19
-16
37
-38
13
51
34
24
35
22
25
15
34
24
21
32
25
-3
37
-25
26
58
29
21
52
30
24
23
32
21
22
28
24
6
30
-30
30
66
31
17
27
19
21
27
27
7
11
24
9
6
21
-16
40
46
40
21
34
27
34
17
32
7
31
43
16
12
32
-17
1
25
63
18
10
37
17
21
3
14
23
45
-7
21
14
17
-17
3
10
29
48
32
8
11
39
22
46
-8
38
-2
15
-15
9
26
65
29
57
30
23
5
18
18
70
40
-8
-23
17
-3
-55
-2
45
-4
44
39
-15
-1
-13
36
45
52
23
-5
12
46
-60
-3
13
12
69
32
24
-7
27
40
36
8
58
15
27
10
14
15
42
15
60
42
34
10
29
18
55
34
2
13
15
-22
-36
57
48
-9
7
43
-12
-8
18
39
5
33
34
-11
24
17
-9
13
-7
17
46
48
14
-16
35
57
1
-8
55
-13
34
-5
27
18
38
35
55
9
-7
8
14
37
39
38
7
-7
24
-17
6
8
45
23
23
2
-22
38
-5
44
50
51
-14
0
20
0
24
20
39
24
46
18
10
38
6
40
44
45
-5
24
22
-10
-17
29
24
5
22
13
-12
16
11
43
12
29
29
-5
10
22
19
54
4
20
28
33
19
-16
27
28
-9
1
46
7
20
16
-24
17
8
10
46
27
-1
9
26
44
17
10
41
0
47
-23
15
54
40
15
66
16
-10
-6
-20
30
30
48
9
-12
39
-32
26
67
32
30
25
-15
14
10
14
10
5
28
17
-20
27
-27
39
78
26
47
15
6
36
20
36
12
10
17
18
-8
35
-21
21
65
28
32
34
1
25
22
31
22
18
23
16
-19
21
-24
25
73
24
33
10
6
26
16
24
9
0
24
18
-9
20
1
25
30
22
16
25
7
55
18
35
17
15
33
17
30
35
-4
-11
13
24
3
23
15
36
19
7
43
-5
45
15
18
34
36
-42
11
-17
-4
64
26
18
-9
42
71
-19
-8
51
23
27
-34
4
2
12
5
61
25
50
-15
37
27
30
46
-26
41
23
-8
-27
17
6
-9
51
8
-10
1
-8
39
-4
47
47
16
43
13
-2
26
4
21
79
38
23
4
35
46
10
6
39
11
47
-26
-9
22
28
-3
62
29
14
21
35
32
29
22
-3
2
5
-33
6
56
28
10
27
11
-3
-13
11
27
-9
23
32
-14
24
0
36
18
11
19
34
24
10
-17
10
37
-28
2
47
11
31
-30
61
39
30
39
35
-9
1
14
19
29
8
27
-14
3
21
-33
51
36
30
34
20
-10
-5
26
-1
37
13
34
-31
1
17
-29
25
16
25
25
31
2
-3
25
-4
53
19
54
4
11
9
-8
24
37
30
18
-6
-4
6
-4
-2
53
-16
28
47
5
4
10
52
52
14
27
8
25
23
-17
26
30
-19
-3
49
29
16
10
13
47
26
17
35
10
-11
0
-3
35
10
-7
53
0
42
-9
28
20
38
8
26
20
6
15
2
49
20
67
1
26
40
7
18
18
27
34
-1
8
6
13
23
40
-16
47
35
37
16
-15
44
56
28
47
2
13
40
20
34
17
12
17
17
10
19
-16
35
67
11
32
16
15
26
1
7
22
-4
35
24
-5
18
1
30
30
21
17
12
6
57
10
7
37
-8
48
24
38
35
23
4
2
13
7
20
6
50
19
21
53
-10
43
4
39
39
13
-39
5
11
4
67
26
45
4
22
46
28
34
27
19
40
-2
-25
46
-23
-3
72
32
10
-26
30
50
-10
-23
26
-5
41
-24
0
22
3
-2
52
31
28
-6
36
43
11
49
-20
13
46
12
-17
26
-17
-6
51
8
10
-24
3
46
-10
45
43
17
50
5
13
77
4
11
58
37
27
-19
37
21
-6
-8
31
-17
53
-36
-46
76
34
13
54
25
3
-1
22
50
2
29
8
-49
19
-1
-35
32
-1
20
18
30
8
-2
42
62
-39
34
8
9
18
17
18
-14
27
21
16
21
17
6
41
57
0
22
29
43
34
-11
33
12
32
26
9
-13
-9
49
15
48
-9
35
-25
36
25
-15
41
15
28
41
-1
0
-9
49
2
52
11
53
-18
30
22
-14
38
16
14
28
6
10
15
31
11
63
6
57
12
34
28
8
38
7
22
21
-16
16
9
9
33
72
-15
28
37
56
16
19
57
25
23
22
-2
14
8
5
30
53
-19
17
31
50
11
8
35
32
14
26
11
8
1
5
8
46
3
4
36
21
38
11
37
7
24
6
35
29
35
20
9
34
33
68
-5
55
54
21
-12
9
30
6
24
32
8
40
22
51
0
48
4
25
20
-3
21
38
37
21
-11
21
21
12
28
37
-22
42
7
26
24
9
33
18
7
26
-8
11
39
15
19
47
-18
55
20
35
34
20
17
13
11
10
35
-1
56
13
29
55
-8
58
15
37
50
-1
-1
38
16
15
51
-6
18
22
19
44
6
51
-12
-16
49
9
-36
44
11
-2
58
13
-8
10
4
49
9
32
2
-18
57
3
-8
23
-8
7
51
16
-15
-4
38
70
-23
4
19
2
47
-20
10
46
24
12
39
7
-1
-5
3
41
8
72
1
-9
43
7
19
17
-18
4
43
4
13
-29
-2
53
-7
41
57
-8
62
6
44
70
2
15
48
17
22
-12
20
33
-5
31
22
0
52
-32
-10
75
1
14
50
22
-17
-4
-11
46
-2
30
-17
-48
27
7
-46
10
2
21
30
35
22
-10
10
67
-11
48
-5
-17
30
28
-24
-32
-9
29
34
28
-8
15
42
74
-2
16
0
3
19
5
9
-7
29
32
33
5
1
46
15
55
24
19
-2
26
15
8
15
9
32
34
-1
6
7
47
-3
48
19
42
-4
49
15
16
25
10
15
19
8
14
25
40
16
45
13
33
29
65
28
-9
21
43
32
12
27
29
24
29
17
45
13
23
6
32
5
-7
26
37
25
12
4
20
2
30
7
55
-1
21
21
27
9
29
18
11
5
20
17
9
15
17
9
53
3
13
43
46
34
26
-14
22
23
-2
40
16
41
26
35
28
22
59
19
38
44
4
-20
21
40
3
35
-8
36
48
25
32
43
49
-4
-8
14
48
-33
-16
34
3
25
42
58
29
10
37
41
35
25
61
35
33
-25
-10
-9
8
28
39
30
34
28
69
0
13
38
53
39
19
-1
-14
-8
12
51
40
17
18
39
74
10
30
-3
19
49
-8
-15
7
1
3
35
-3
-38
23
1
71
35
55
-26
-23
42
6
8
-4
11
15
-7
21
-1
26
-7
72
19
68
9
-6
61
30
8
-4
-17
14
36
29
-9
32
29
83
-8
6
10
1
55
0
6
18
-19
21
31
26
-22
-9
5
72
-10
77
-11
8
48
10
49
14
-26
19
16
5
0
-28
20
73
-25
41
32
32
51
1
34
58
15
22
34
13
14
8
34
46
5
30
4
-12
35
-15
3
31
0
16
18
0
-9
4
-22
45
10
48
13
-34
28
21
-11
17
-7
14
42
23
15
-6
-15
51
1
31
-7
-11
44
14
-51
21
-8
4
70
24
1
7
-2
67
-14
22
-15
-26
34
-2
7
3
-13
26
54
18
-23
7
1
50
13
15
-37
-19
13
-3
28
7
25
25
13
6
-1
23
1
49
22
32
-4
25
19
38
25
-1
21
21
29
9
-9
25
-7
44
19
18
23
32
20
-14
49
28
42
19
32
8
-14
19
-11
58
7
33
16
-4
9
-17
52
37
34
34
-4
-5
0
-2
-14
59
-13
30
30
10
3
39
12
33
16
23
34
8
13
2
-3
37
14
19
59
13
5
43
-46
-3
-4
2
46
43
37
11
8
41
34
32
19
26
30
24
-20
-34
-5
11
43
25
8
9
31
54
28
36
-1
28
41
44
-5
-16
1
3
49
33
29
7
25
50
5
38
24
50
31
14
-17
41
12
14
77
36
21
12
28
42
-3
9
4
3
44
-3
-29
3
30
9
66
49
-1
6
-5
43
26
59
-40
37
24
23
9
7
21
0
5
33
-15
16
-1
55
23
55
-33
47
47
11
10
22
11
-10
49
44
66
19
26
70
-10
26
1
38
67
-10
-27
34
-9
-5
35
49
7
9
3
72
-38
13
-15
6
37
4
40
24
-27
23
23
29
-1
-11
-7
62
0
52
-7
-2
54
2
63
25
-4
37
0
2
12
1
15
61
-9
46
13
38
41
-5
40
45
21
38
2
6
12
12
27
57
-3
42
9
14
-3
36
2
-50
3
12
36
18
36
-24
0
74
5
15
45
57
24
30
-7
-38
7
12
58
17
-17
-25
14
65
33
33
-2
10
44
-9
-78
9
35
-4
49
49
-17
-10
-30
64
41
70
-3
-38
43
-11
-30
24
-7
4
48
26
-33
-14
3
77
-1
15
-12
-27
20
-3
43
-8
25
20
16
2
5
29
14
59
24
31
13
37
42
-10
50
23
44
33
-28
12
-27
56
-4
72
-2
44
23
43
32
-16
51
30
42
19
-23
33
-22
37
3
82
-15
34
22
40
19
-2
58
-3
39
38
-45
22
-30
23
4
87
-40
39
36
66
9
51
34
-17
13
28
2
15
3
5
-5
62
9
26
44
59
18
36
13
-9
20
19
38
30
3
-1
-23
39
32
52
15
26
39
28
13
30
-28
24
35
21
17
10
23
35
3
21
17
17
56
-3
23
64
3
17
77
21
46
10
28
41
1
38
-1
0
59
-16
23
32
38
8
91
-13
-17
27
-25
9
33
68
-24
-9
40
0
51
24
57
15
44
1
-16
19
-41
0
56
96
-51
1
57
-11
21
35
48
6
14
4
-8
14
-12
28
10
86
-13
7
49
-7
-27
42
33
-1
60
13
10
19
6
58
29
49
27
-28
84
-19
-4
50
25
1
32
15
-9
32
-27
68
-13
59
12
-22
54
29
40
0
-16
6
14
12
1
15
1
83
-44
53
5
48
52
15
40
21
2
30
-10
5
13
40
14
86
-14
52
-6
34
39
2
-3
8
18
16
-8
14
16
36
23
77
-3
34
9
30
19
31
-5
-78
20
24
53
20
36
-25
43
87
32
32
25
58
47
4
4
-25
30
16
64
16
-7
19
12
51
26
81
4
31
41
-37
-8
27
32
1
53
45
4
10
-25
64
12
78
-42
-42
46
-22
-36
-7
25
-5
35
19
-3
-25
-13
89
-36
59
18
4
37
-4
34
-27
24
37
40
19
37
21
42
59
25
36
42
30
34
-43
68
28
63
49
1
6
38
68
33
32
38
34
14
13
43
-31
63
39
53
44
33
14
37
55
17
34
26
43
11
31
36
-36
44
48
65
42
30
34
11
42
-7
38
23
56
-17
27
9
2
12
22
37
35
14
32
-19
17
-13
53
16
49
35
29
47
-6
12
20
3
9
26
30
3
5
12
63
8
67
35
26
48
0
21
7
-35
19
44
16
-14
2
31
72
-10
19
23
9
61
-20
17
35
6
2
65
3
-10
6
7
51
17
59
-2
-11
53
-36
-14
10
24
8
46
-15
-39
47
1
42
45
63
-22
-16
49
3
27
-25
27
5
29
-10
29
33
-2
41
32
83
-10
47
51
-4
7
-25
-2
24
32
-16
-29
14
0
77
0
79
24
19
46
29
3
-54
-5
15
39
16
18
34
21
82
17
28
28
36
48
-2
23
8
6
12
39
34
23
38
12
67
18
35
13
26
65
12
20
33
11
15
43
13
5
43
13
55
7
54
3
20
64
24
46
32
35
26
32
4
30
35
14
31
2
70
-38
17
54
21
-41
14
44
5
49
42
34
8
13
42
9
49
-17
35
33
-10
-23
34
11
2
77
34
6
-1
31
43
16
41
-13
1
49
-29
7
46
29
-15
38
-8
13
29
32
39
20
77
-32
-12
54
-42
9
26
14
4
8
13
-17
26
-21
62
1
102
-10
-26
80
-17
3
-10
-7
20
49
19
-5
6
-4
97
-38
78
71
9
82
-19
24
40
18
13
51
20
47
35
46
56
-32
20
20
35
74
-23
-29
13
8
19
31
43
4
39
50
60
-31
7
-2
28
56
-7
-4
-2
-10
27
35
9
-19
31
42
69
6
36
16
-11
44
-41
24
31
27
24
42
-2
-1
32
7
45
26
71
-14
-30
27
-22
9
36
24
19
16
-5
-13
18
-23
51
2
63
25
4
44
-25
28
64
2
20
34
58
40
13
28
44
3
26
17
33
68
-25
-8
13
-3
27
50
39
-21
16
22
85
-3
19
1
9
56
-12
13
-16
-4
32
58
28
-35
24
7
77
27
44
-3
16
36
-9
-6
-18
3
9
30
0
-19
30
-13
83
5
53
0
20
34
6
-3
-36
-23
22
40
29
7
24
41
88
10
55
4
54
45
-14
8
4
7
21
56
15
26
27
39
74
14
49
8
43
50
-14
2
52
23
25
45
44
25
42
33
41
11
25
4
25
47
-26
-19
35
-10
15
39
49
-10
24
28
62
-6
15
-12
11
38
-6
-26
-20
-12
21
52
21
-18
9
22
69
23
40
27
-3
55
3
4
15
17
4
61
2
-13
10
21
49
23
68
-6
-9
63
-14
-38
17
56
1
45
-3
-21
6
-28
19
47
99
-27
-50
35
-9
-26
16
15
1
32
1
-17
-2
13
56
3
46
30
-19
59
-1
45
4
8
18
40
1
36
30
58
49
-11
39
23
31
63
-21
31
44
3
27
27
15
28
42
37
51
-20
41
11
39
60
-25
11
53
6
35
62
23
26
16
34
64
-7
38
23
5
52
-45
3
68
31
25
60
25
5
25
15
25
15
33
6
-28
56
-44
-5
76
45
21
34
33
-6
24
8
50
-3
22
-7
-20
63
-28
2
42
3
42
7
41
3
30
20
66
-20
28
-29
0
47
-15
29
6
-16
46
-2
31
-15
24
18
72
-10
45
-24
-4
14
-1
17
-18
-5
46
16
11
11
4
2
73
4
53
29
39
26
-32
22
76
9
25
45
31
34
-1
26
24
14
28
23
-3
45
-43
24
80
35
34
41
13
12
19
8
37
19
40
-29
-21
41
-46
17
34
25
46
49
19
6
33
-1
52
33
50
-42
-10
31
-32
13
49
5
30
26
30
7
41
-12
50
12
51
-32
13
25
-14
-12
30
-1
33
31
38
16
26
12
60
17
62
-24
8
37
-19
-15
50
5
20
48
27
9
31
24
39
24
62
-16
-1
21
-38
11
73
28
11
23
13
7
31
0
21
35
56
-30
-30
24
-28
1
64
25
21
18
28
7
14
-12
55
6
59
-10
-12
30
5
8
-10
5
34
44
28
15
9
16
61
11
49
-10
32
55
-13
26
-18
9
28
44
23
-18
31
14
45
37
70
-24
45
41
-8
3
-44
31
15
24
10
0
3
-10
73
21
104
4
22
26
1
17
-32
10
38
19
3
2
-10
25
80
-30
54
62
31
52
-16
5
30
18
36
63
25
49
7
60
58
0
30
36
9
52
-44
5
69
22
32
61
0
20
32
33
23
15
39
3
-13
41
-39
20
75
34
41
53
-8
6
29
15
25
32
40
-2
-29
31
-47
23
77
41
46
32
-12
-5
40
1
12
45
37
-9
-39
23
-43
23
78
39
48
25
13
3
33
-13
21
32
41
-6
-32
23
-28
29
68
39
44
11
34
24
23
3
40
17
32
-23
-3
35
-24
8
48
22
45
0
49
28
29
6
57
-4
35
-31
16
24
6
8
5
-11
46
35
38
12
6
10
62
2
49
10
39
27
-23
30
71
12
25
34
16
20
-5
22
25
7
39
10
11
33
-38
22
64
29
36
37
5
-7
24
-3
13
35
45
-13
-36
29
-43
15
71
20
24
33
-1
-2
23
-11
21
26
50
-23
-29
20
-17
-7
49
7
4
43
4
28
13
-19
32
19
52
15
-16
25
-15
6
44
18
19
49
12
29
19
1
32
29
48
-15
0
18
-15
-21
44
32
13
43
1
2
15
-5
30
32
47
12
-19
6
-21
27
61
31
21
17
16
25
17
15
31
36
60
-17
-2
13
-16
10
45
20
18
32
28
14
6
-11
41
21
67
4
-5
47
-13
-2
3
28
16
67
15
29
27
16
39
31
61
18
5
72
-36
24
26
33
19
43
4
8
55
15
35
32
65
11
21
51
-33
41
32
9
24
19
22
24
22
17
75
-11
67
7
36
52
-17
29
29
2
43
30
18
12
10
41
71
-24
48
29
38
52
-33
26
58
11
39
52
2
25
10
32
49
8
41
0
-10
42
-43
18
68
35
41
41
-27
-2
37
7
23
40
44
-12
-34
27
-36
30
66
41
56
22
-17
7
40
18
26
45
35
-18
-18
17
-29
37
59
43
64
12
-9
16
41
22
29
46
38
-16
-7
12
-29
40
66
34
62
12
1
19
40
11
24
45
34
-11
-10
19
-37
34
70
32
56
16
16
10
31
-6
27
37
38
-7
-19
25
-34
30
76
29
40
17
30
19
18
-6
33
19
35
-6
-15
20
-14
2
55
21
22
32
17
22
9
4
42
12
36
16
9
20
-5
7
51
27
25
23
38
36
18
41
40
14
40
-6
32
30
1
-26
32
26
16
31
10
10
42
20
44
34
39
6
-6
12
-22
7
53
22
26
23
2
10
20
15
41
22
52
-16
-11
16
-16
29
17
3
23
28
1
-4
12
11
45
18
50
1
-2
44
-6
12
-26
35
33
35
9
-6
28
-4
56
47
76
-3
1
17
-5
-7
19
44
21
22
10
-1
26
-2
51
30
60
19
9
10
-11
31
25
41
27
2
16
32
47
34
40
31
43
-11
31
19
-17
27
42
25
26
15
25
19
27
24
45
24
49
11
20
35
-24
18
40
27
19
48
5
27
26
38
35
40
33
23
-4
41
-32
34
74
42
27
25
2
30
57
44
10
39
28
3
5
26
-29
51
66
31
39
17
14
32
35
30
28
22
39
1
24
35
-32
31
73
26
43
36
14
19
29
24
33
27
38
-3
0
36
-37
32
67
32
49
30
-3
8
28
24
29
37
43
-13
-17
26
-37
35
64
42
56
18
-13
7
40
19
27
48
36
-21
-14
15
-27
40
60
39
65
8
-4
20
39
26
30
45
34
-20
-1
13
-27
41
60
37
70
5
-2
24
38
29
32
43
31
-20
4
11
-25
45
64
38
70
2
-2
27
39
29
30
41
30
-15
6
15
-30
46
71
35
66
5
5
24
37
18
26
42
34
-11
-3
18
-33
31
82
30
50
12
19
22
19
11
32
26
32
-1
-13
7
-9
17
44
23
32
31
12
21
6
4
38
16
27
24
10
15
-9
-24
42
19
13
41
43
20
6
26
32
32
16
-1
16
14
35
-70
14
17
2
51
54
23
3
3
34
56
21
8
2
8
-11
-34
31
16
16
46
39
19
5
31
54
41
54
-24
5
6
9
20
18
42
27
15
13
13
45
16
25
45
42
-1
42
32
-17
27
39
31
35
12
16
32
57
14
30
39
43
-12
31
18
-1
6
31
28
15
28
24
41
37
14
48
25
34
20
38
22
-8
36
40
38
21
22
16
38
47
40
36
32
36
-6
27
22
-18
20
45
31
27
6
27
18
37
21
45
39
54
-13
8
19
-15
-9
47
27
24
35
24
23
29
32
46
26
47
7
2
22
-26
8
53
37
41
23
-3
24
41
31
31
48
49
-1
-15
20
-24
38
67
38
58
18
-2
28
42
21
22
45
45
-1
-4
24
-28
39
67
38
57
19
-9
15
39
20
26
46
36
-11
-11
21
-30
41
62
39
61
13
-11
14
40
18
30
46
37
-14
-10
15
-25
46
58
41
65
5
-9
21
42
23
31
44
35
-19
1
13
-23
45
56
37
69
3
-5
23
40
24
36
44
35
-17
3
11
-23
47
62
41
71
0
-4
28
42
26
32
46
31
-17
5
11
-23
46
59
40
70
2
-4
26
39
27
36
42
34
-14
7
12
-22
46
63
41
67
1
-2
26
38
24
32
44
38
-13
5
15
-28
39
75
34
55
4
11
22
28
17
35
28
35
-13
-3
7
-7
25
40
26
40
24
13
27
15
12
41
14
29
18
22
21
4
-14
18
12
0
45
21
12
9
-2
35
23
30
42
37
27
-14
-15
36
37
19
60
29
4
6
-3
46
23
37
-7
-23
12
-9
-15
4
17
13
67
27
-10
4
-5
44
34
38
0
-4
17
11
13
21
37
15
46
10
21
28
5
16
49
39
11
28
21
7
16
47
39
29
14
11
28
38
6
24
35
17
-10
32
14
3
1
26
21
21
20
35
35
30
7
33
30
28
15
30
17
-13
7
24
27
25
46
17
33
35
27
42
43
46
19
6
22
-26
0
36
32
18
22
20
23
44
12
45
41
43
-25
-1
17
-6
-10
48
12
18
44
26
1
13
2
52
13
37
9
4
21
-23
34
54
22
45
28
-10
27
27
25
33
32
46
-17
1
19
-20
40
51
31
57
13
-11
19
43
21
32
42
43
-15
0
17
-24
43
53
36
62
7
-9
21
47
24
31
43
36
-17
4
13
-23
43
51
34
61
6
-6
24
44
19
36
38
35
-17
9
15
-22
42
53
36
62
5
-5
22
44
22
36
40
37
-20
9
13
-23
45
53
33
65
2
-5
23
43
22
36
37
37
-17
10
14
-23
43
52
36
64
2
-6
22
43
22
36
40
36
-17
8
13
-24
44
50
33
62
3
-4
22
40
22
38
37
36
-20
9
13
-25
43
52
34
61
-2
0
16
38
20
41
36
44
-21
10
11
-28
40
53
26
51
-6
10
17
34
11
46
26
46
-18
5
10
-14
27
30
28
42
9
15
10
18
2
47
11
42
12
28
23
35
-15
-21
6
10
69
29
21
24
10
41
55
40
52
11
32
-26
3
49
27
15
37
28
16
39
23
34
27
44
-32
-20
32
11
-28
3
19
29
31
6
-14
24
14
46
4
67
11
-12
24
-6
13
29
21
39
19
4
21
33
47
28
32
39
-14
0
14
11
39
25
46
55
13
3
33
43
21
18
43
34
-5
22
26
47
-1
-7
43
30
29
21
43
37
-7
-1
53
35
12
37
11
8
9
41
25
30
31
31
19
34
29
27
32
26
4
14
19
-10
13
52
41
36
14
18
27
57
27
30
35
33
-9
-12
25
13
2
31
35
32
11
13
12
46
11
44
18
48
-2
-1
29
0
9
32
31
47
5
9
19
60
29
39
30
46
-11
5
25
8
8
24
34
50
6
4
29
70
28
41
32
41
-5
16
24
6
11
26
37
54
1
3
30
74
31
42
32
38
-7
17
23
6
10
25
34
55
2
8
32
74
34
43
31
38
-5
16
25
6
13
24
34
55
2
6
33
73
33
41
32
38
-7
18
25
7
11
22
37
56
0
6
34
74
33
43
32
37
-5
19
25
6
10
24
35
57
0
8
32
73
36
42
30
38
-7
17
23
2
11
26
36
58
0
8
34
73
36
41
31
38
-7
18
22
5
10
27
36
57
-1
9
35
69
36
39
31
41
-9
19
14
4
16
30
34
47
3
21
37
60
27
39
29
46
-10
18
19
5
3
18
29
38
19
15
24
37
15
44
17
61
18
24
