-10
-10
-4
13
-10
-10
-4
-10
-10
-3
-7
-3
-10
0
20
-10
12
-10
-10
34
-1
-10
-10
-10
-10
7
-10
0
-10
61
-10
-10
8
-10
1
-10
-10
-10
-10
-5
-10
-7
-10
-10
-10
-10
-10
-10
-10
7
-10
9
3
0
30
-1
-10
-10
-10
-4
-10
-10
-10
4
9
-10
11
-3
3
2
22
2
2
7
-2
18
-10
-10
-4
-10
-10
-10
-10
59
2
-10
-1
-10
-10
-6
-10
-10
11
-10
-1
-10
-5
-10
-10
23
-9
-10
-10
-10
-10
7
6
-9
-10
-1
-10
-10
8
-10
3
-10
-2
-10
5
1
-10
-4
-10
-10
-10
-10
-10
-10
-10
8
-10
16
-6
-10
-10
-10
-5
6
-10
-10
-10
-10
-10
4
16
-10
3
2
17
-10
31
1
2
-1
-10
40
-10
-10
-4
-10
-6
-10
-10
29
13
-10
-3
3
-10
-10
-10
-4
-3
51
-2
-10
-6
-10
-10
2
11
-10
-10
-10
-9
7
6
-10
-10
-9
-10
-10
10
-10
-10
-10
20
-7
21
16
-10
-8
-10
-10
0
-10
-9
-10
-10
4
-10
5
9
-4
-10
-10
0
0
-10
-10
-10
-10
-10
-10
32
-10
2
1
-6
-10
35
-9
2
6
0
19
-10
-10
-4
-10
-10
-10
-6
-10
-10
-10
-10
0
-10
-6
-10
5
-4
5
1
-10
-10
-10
-10
34
-10
-10
-10
-10
-10
5
10
-10
-10
-3
-10
-10
7
-10
-4
-10
-3
-10
-10
-8
-10
5
-10
-10
-8
-10
-10
-10
-10
-5
-10
-4
2
1
-10
-6
-9
-10
-2
3
-10
-10
-10
2
15
-10
11
1
7
-10
19
-3
2
-8
-5
-5
-10
-10
-4
-10
-10
-10
16
-10
-10
-10
0
2
-10
-10
-9
5
4
4
-10
-10
-2
-10
-10
31
-10
-10
-9
-10
-10
1
-9
-10
-6
-10
-10
-10
8
-10
-10
-10
38
-10
-10
-10
-10
-10
-10
-10
6
-5
-10
2
-10
18
-7
-8
-10
-10
-10
-6
-9
2
-10
3
-10
-10
-10
-10
1
-10
15
-10
-10
-10
13
-7
2
-10
1
-10
-10
4
-4
-10
-6
-10
-10
43
-10
-10
4
-10
-4
7
-10
-10
-3
6
6
2
11
-10
-10
-10
-10
-8
-10
-10
-10
7
-10
5
-10
28
-4
-10
4
0
6
1
-10
-10
-10
-2
-10
14
-10
5
-9
-10
-10
-9
-10
-10
-6
-10
-10
7
21
-5
-10
-10
-7
-8
-10
-10
-10
-10
-9
-10
-1
0
21
12
-5
-1
2
23
3
-2
0
-5
-4
-6
4
-10
-10
36
18
0
4
-10
-10
-10
-10
-9
-10
0
45
8
2
-10
-10
-10
5
18
-10
-10
-6
6
1
-5
-10
-10
-10
-1
-10
7
12
19
-10
10
23
12
-10
9
-10
8
-1
-10
-10
1
-10
5
-10
2
6
-10
-10
-6
-6
11
2
-10
-10
-10
-10
-10
-10
-10
-3
1
31
-9
-10
8
2
21
-10
11
7
-6
-4
8
10
-10
-10
22
-10
-10
7
2
-10
-10
-10
-10
-10
10
-10
7
-6
-10
-10
-10
31
46
-10
0
9
6
8
1
-10
-10
-10
3
-10
-10
-4
8
28
49
63
32
-10
-3
-10
9
0
-10
-10
2
-10
4
-6
37
37
-2
-10
-10
-4
2
-10
-10
-10
-10
-10
-10
-10
-10
-4
-10
-5
-10
-10
-10
2
24
-1
17
-10
15
-3
-1
12
-10
-10
-8
-10
0
7
22
-10
-10
-10
0
-10
-10
2
5
-8
-10
-10
-10
-10
-10
-10
4
18
7
10
-10
-10
-10
-10
11
2
-5
-10
-8
1
2
-6
-10
-10
26
-10
9
5
-10
-10
11
-10
-10
-10
20
24
18
-10
-7
-10
-8
7
-10
-10
-10
-10
-10
-10
-10
3
5
17
-10
-10
-2
2
-1
-10
5
-10
-10
-2
2
-4
-10
-3
-10
-5
-9
7
3
-10
-10
-10
5
3
-6
-10
-3
16
-10
-7
-10
-6
-10
-10
-2
3
3
-4
-10
-10
-10
-10
-10
8
-10
-10
-10
31
4
-10
-10
-10
-7
-10
9
6
-10
-4
2
-10
10
1
-4
3
-10
-10
-7
-5
-8
-10
-10
-7
-10
-10
-10
-10
-10
-10
-10
-10
-10
-10
-10
2
-10
-6
-10
-10
18
-8
-10
4
-5
-10
22
-3
-10
5
-10
-6
0
-10
-2
1
-10
20
6
5
-10
-10
-10
-10
-5
-10
9
-10
7
-10
3
-10
31
-10
-2
-6
8
8
15
-10
-10
-10
29
-10
12
-10
-1
-6
-4
-10
-10
-10
-5
-10
22
36
13
17
-6
-8
-10
-3
-10
-10
-10
13
13
-10
-10
-10
9
31
-4
-10
-8
1
9
4
4
-10
-8
-3
-10
-5
8
-10
28
-10
42
6
2
-10
-10
-10
-2
-10
-10
-5
-3
-5
-10
-10
-10
9
-10
-10
3
-3
2
9
-10
-10
-10
-10
13
-10
17
-4
10
-1
9
-6
-6
-10
33
-10
9
36
11
17
1
-10
-10
-10
6
16
-10
-10
-10
1
-10
1
-10
-10
-10
6
37
-10
-10
4
-1
1
-10
-10
27
1
42
-10
0
-10
-10
8
-10
-4
-10
-10
12
-10
54
5
5
-10
-10
-10
-6
-10
2
-10
5
-7
-10
-10
-10
3
-10
-10
6
19
-7
5
-10
-10
-10
-3
13
-10
32
-10
46
5
16
15
-10
-10
24
-10
9
13
10
48
-1
41
-10
4
-10
-8
1
-10
-10
-10
-8
18
-10
-10
-10
-10
31
-10
-10
-4
5
-10
-10
-10
28
-8
22
-10
-10
-10
-10
-5
22
12
-3
-10
-10
13
19
1
-10
-10
-10
-10
4
5
-10
-10
6
4
-7
-10
-10
-10
-5
-10
-1
7
5
7
-10
-10
-10
-10
13
-10
40
-10
26
-10
-10
-10
-4
-10
10
-10
9
20
2
9
-5
18
-10
-1
-10
9
16
-10
-1
26
-8
25
-10
-6
-8
36
3
-10
-10
-10
8
18
-10
-10
0
-10
20
-10
17
-10
-10
-10
8
6
25
-10
-10
-10
-10
4
53
-10
-10
-10
5
5
-10
-10
4
8
-10
-10
-10
-5
-10
2
-10
5
6
-10
-10
-10
-10
-10
-10
-5
-3
-10
-10
35
6
-10
-10
-10
-7
-10
9
34
-7
-5
-9
-8
-10
4
-10
10
-10
-10
-8
20
-7
-6
-10
-10
-10
6
-10
-10
-10
-10
-10
-10
-10
-10
-10
-10
-3
3
-10
-10
8
-10
-10
3
9
-10
1
-10
1
2
-10
-1
-6
-10
-10
-4
-8
-3
3
-10
5
-1
-10
-10
28
-9
9
-1
-10
-10
10
-10
27
12
9
-10
-10
8
22
-10
-10
-10
11
-6
-10
-8
8
-10
8
29
8
33
-10
3
-10
-10
6
-2
-10
-10
8
-10
-10
-10
36
14
49
-10
-10
-4
-6
2
4
-10
-10
1
10
10
-10
-10
11
-4
40
12
11
-10
-10
-10
2
-10
-5
21
-9
-10
-10
-7
-10
-10
0
-10
-2
14
-10
-10
16
-10
8
2
-10
-10
19
-10
-5
14
13
-10
-10
12
0
-10
-1
-10
-10
-10
-10
16
7
-10
17
15
-1
49
-10
6
-10
-10
-4
-10
5
-10
-10
-10
-10
-10
14
16
48
-10
-10
-6
2
-10
4
-10
-10
-3
0
3
-10
-10
-10
4
23
3
52
-10
-10
-9
1
-10
-10
44
23
-10
-10
-10
-10
-10
3
-10
4
38
-10
-10
11
10
6
9
-10
-10
26
-10
-10
7
13
-10
-10
9
-10
-10
0
-10
-10
-10
-10
31
-2
-10
17
25
-1
39
-10
12
-10
-10
19
-10
12
13
-6
-10
-10
-10
1
75
27
-10
-10
-10
-10
-10
4
-10
-1
-10
-1
5
-10
1
-10
-4
-10
-10
73
-10
-10
-10
-10
-10
23
61
33
-10
-10
-8
-10
-10
2
-10
13
48
-10
-10
51
21
2
25
-10
-10
31
-10
2
-10
13
-10
-9
6
-10
-10
-10
-10
1
14
-10
55
-10
-10
17
22
1
52
-10
12
-10
-10
-10
-10
12
71
3
-10
-10
-10
-10
91
5
-10
-5
-10
-1
-7
8
-10
-3
-10
-8
10
-10
35
-10
-10
-10
-10
37
-3
-10
-10
-4
-10
15
13
-10
-10
-10
3
-10
-10
-10
-10
44
26
-10
-9
9
15
-2
26
-10
-10
15
-10
-10
-10
-2
-10
-10
-10
-10
7
-10
-10
-10
34
-10
26
-4
-10
11
23
5
25
-10
12
-10
-10
-10
-10
3
18
-10
-10
-10
-10
11
15
-9
-10
1
-10
-10
-10
-2
-10
-10
-10
-7
10
-10
14
40
-10
-10
