-9
-5
-40
-6
22
-20
-11
3
15
9
-10
-5
7
4
-9
11
21
19
37
18
10
-13
-55
-17
11
-3
14
-7
-19
12
2
-34
-27
4
-6
2
20
-29
9
25
3
-14
4
-22
16
-38
-23
1
-15
-4
-3
-7
5
-6
5
-26
31
-10
16
-4
-2
-25
-33
13
38
-17
-16
17
15
-2
1
3
-5
-14
-22
9
-4
-25
5
-18
-1
-25
-24
-17
1
-13
-42
-17
-14
-4
6
-33
-11
-20
-10
-4
9
-2
2
-31
-22
-31
-60
19
37
-17
12
51
5
8
-11
-28
2
-20
-20
12
-28
-30
2
15
-13
-55
-23
-5
3
-4
-22
-36
39
-3
-10
-19
-17
-15
-8
-15
-1
7
14
15
-3
-9
-48
4
48
-22
-10
15
-2
-32
11
26
-13
27
12
8
-29
-3
-2
33
-23
-25
-35
26
16
-8
-12
8
46
5
-26
20
-32
-12
7
36
11
19
40
-31
11
-7
-30
-8
-2
27
11
-12
7
28
32
-53
-28
32
-5
14
7
3
23
41
-24
-30
0
6
4
-29
-19
4
35
-6
-50
-7
-8
-3
-14
-13
5
-5
12
-13
0
-11
-17
11
8
-23
-38
25
4
15
17
-9
10
-15
-35
3
-10
-40
-7
6
-22
-9
-4
6
5
-9
-23
8
14
2
-26
-6
5
16
-28
-2
1
7
33
-18
-14
-18
-26
6
13
-20
1
4
2
21
0
-41
-11
-16
-21
-5
5
-16
6
14
-16
-18
-7
-4
13
4
-25
-24
2
2
-3
-21
7
-12
-7
15
-2
11
10
16
-36
-26
-33
-12
19
12
-5
2
-8
21
0
-28
-7
9
-3
-16
-15
-34
15
31
-1
5
-5
-12
14
7
-14
-32
-3
-9
14
-6
6
0
-10
2
0
4
4
10
-20
-20
-13
-2
0
19
-19
-5
-6
9
-3
-8
-6
-11
-2
-7
-5
-28
15
9
-16
9
14
7
32
6
-5
-11
20
11
-24
-6
-10
-11
-12
15
15
1
32
3
0
5
-28
-3
2
21
24
10
-12
-9
8
-27
-35
39
5
-27
12
-10
6
42
-21
6
-15
8
4
6
-23
0
26
1
-32
1
-17
2
-5
31
-6
-5
17
-14
-24
-1
-5
6
28
-8
5
21
5
-20
7
-33
-16
5
-13
2
-2
-25
-30
14
25
-10
35
19
9
-21
-13
-23
9
-9
-8
-17
-14
1
-9
-29
15
-60
-19
-43
-13
19
49
53
50
-37
-3
33
25
-51
-8
33
22
-12
-27
-7
-26
8
-27
-30
15
13
-11
40
-7
-10
0
-11
-9
2
-17
-10
-24
-13
10
-13
0
-36
-43
-42
-40
2
23
57
21
-9
22
52
10
-15
-18
-20
-9
-18
-26
-4
0
-34
-9
-25
33
-36
-4
49
14
-25
19
-36
15
-7
41
-14
-25
-24
-8
-49
33
-34
-64
-12
-17
14
9
18
22
0
-10
33
28
1
1
3
10
29
0
9
-11
42
7
2
27
23
-37
33
12
-7
33
34
19
15
2
45
-13
28
-9
-13
31
-1
51
-19
27
16
29
13
-13
22
4
-48
8
35
36
-42
-34
1
-13
14
-11
27
19
-14
13
-10
13
20
11
-20
-9
22
40
27
-28
23
-19
3
10
-14
-9
-28
-5
-33
11
-8
21
17
-1
11
-10
5
-8
25
30
-30
-12
-10
-60
23
-14
8
9
-16
-11
-14
19
34
-13
0
1
-6
31
-6
-41
5
-10
12
7
-10
-2
-30
27
-42
-10
8
19
0
11
0
22
12
-1
1
-19
-35
-11
-27
-64
-4
-2
-3
-6
-23
3
-27
19
21
9
-4
0
-3
-3
9
4
-22
-9
-33
10
5
-4
-32
-29
-37
-35
-13
15
16
7
-22
19
31
44
-12
6
-28
-10
-30
-30
-11
-32
-6
-3
-4
9
-29
6
28
11
-5
-5
16
11
-9
-11
-25
7
-17
26
3
-33
-45
-38
-23
-18
-4
44
15
19
5
10
19
22
-13
-6
-19
-17
-32
-13
-1
-17
0
3
-19
-29
-4
-4
20
27
-16
-15
21
30
-17
-26
-7
-16
-5
12
38
12
-7
3
2
8
4
-15
-3
20
21
32
3
-17
-17
11
-47
-39
21
-26
5
27
2
1
20
-23
14
-59
9
-4
-10
-32
-28
18
-17
-5
16
-35
7
-20
33
16
12
33
-22
33
0
-29
14
15
-25
11
22
-26
-14
11
-18
-16
14
-40
-21
-17
-28
-31
-3
-33
12
-40
20
-15
-37
-14
-20
-1
-33
-3
10
-24
39
-19
-12
23
-14
12
-28
25
-2
32
42
17
-35
-34
2
1
-29
-9
40
17
26
-32
-32
-29
5
-45
-56
-38
19
-25
42
-6
-41
4
0
-1
-19
-22
-28
-42
8
11
0
6
-21
-32
-29
-14
-24
21
19
-3
-3
-20
21
8
-6
-20
-18
0
16
-30
3
-4
-33
-18
-45
5
-20
11
46
13
-11
13
-30
22
11
5
-33
-21
-12
-6
-34
15
-43
-30
-24
6
9
34
17
2
-5
-12
28
37
9
-2
11
1
-26
-2
4
-6
-11
-7
-23
23
-7
2
27
22
-10
24
5
12
15
19
26
-23
46
-57
-51
39
-28
35
-31
11
31
29
29
5
11
27
-10
8
-3
10
-18
-8
-25
-15
18
-22
17
34
-33
0
28
15
19
9
19
-13
-44
38
15
-15
8
-24
-9
-31
-7
-7
-13
27
-8
-14
9
26
20
34
10
-21
10
24
-9
11
6
-23
12
-33
-20
-34
8
-21
-20
-30
-5
-4
22
-24
7
24
-10
22
3
-34
-21
-14
16
4
-15
22
2
38
-12
6
28
-19
-26
-1
28
-1
0
-13
26
-13
-21
-18
2
-31
-17
26
-21
0
-6
-26
-25
-9
4
-46
-44
33
0
3
-27
-43
-25
0
14
-1
-51
24
-19
-9
-15
22
14
-28
-7
-4
-21
-6
0
14
-4
-5
24
6
10
-36
-2
26
-28
-31
-7
-5
8
-1
2
-40
7
2
20
-4
-16
-23
-23
15
30
0
-21
-28
-30
-21
-4
-23
20
16
4
22
5
-34
2
15
-10
-11
10
4
-9
-21
-5
8
-12
1
-43
-12
25
8
8
-22
-14
-5
44
28
21
-28
-10
-6
25
-19
17
-3
-4
25
3
4
29
-12
-3
-2
19
19
-22
-22
13
6
-20
-17
31
-12
14
23
5
-5
29
1
5
-45
-16
-22
-11
-35
-16
13
-46
-35
24
-14
28
-4
-5
1
10
15
4
17
-14
-26
16
55
-17
-5
-3
5
-16
11
0
-55
31
-12
12
32
18
-35
-25
-31
4
-22
-6
-15
5
-37
-15
-19
-17
-18
-10
8
48
-2
4
-3
-7
-9
21
-6
-2
-15
2
42
24
-27
-32
10
-6
-5
5
-7
-1
22
-4
-18
34
-30
6
-28
-30
-16
20
-14
-6
-14
12
13
-3
-3
-19
-23
-2
13
-25
11
11
13
-6
-19
-10
0
-23
-7
4
-23
-12
43
34
6
-38
-3
-1
5
-5
-4
-14
-19
0
-26
11
-28
13
-31
-15
-18
0
4
-28
-30
-14
-21
29
13
-39
10
-9
4
6
31
-1
-9
5
13
-6
-40
-15
0
21
11
11
-4
3
2
0
15
4
-62
-28
-26
0
-19
10
-17
4
1
-6
9
-12
6
13
-15
8
-1
-21
17
-15
1
-16
26
6
1
-2
-21
4
0
2
0
14
4
-14
24
17
5
-8
3
-6
-7
-31
-8
30
-17
6
-1
-32
9
-5
-30
9
19
-11
-9
11
28
-24
29
-13
-27
13
39
-14
-3
2
35
-3
-51
-2
-8
7
-33
-10
13
11
-17
11
9
18
0
-58
-45
0
-21
5
-10
-6
7
10
-5
-1
-19
-15
-1
0
31
-11
-4
-1
5
5
28
3
-40
-18
-8
7
5
-1
4
48
1
-15
-3
-12
8
-14
23
-29
-7
20
-42
-7
-18
1
-39
-55
11
53
5
-15
-19
-2
1
30
18
-78
13
-20
15
1
29
-8
-23
-25
-31
4
-44
-20
13
33
1
26
15
-30
-9
6
20
-23
-17
-25
-45
19
-27
-8
-38
-16
-9
39
-22
-18
-25
13
-10
20
20
-4
-7
-6
-8
-18
8
-8
-14
-5
-15
22
-30
3
20
11
-2
-6
13
-9
-16
4
1
-32
0
-37
-35
33
5
9
29
-11
15
33
-1
13
-8
27
-10
15
-10
25
13
-1
18
11
31
15
-13
-20
-17
32
10
-4
8
15
9
-25
-41
11
1
-1
20
5
23
44
-1
19
-26
12
-17
-67
-19
4
8
-24
-9
31
-19
25
-14
-9
8
11
-6
13
3
-23
-12
21
36
-20
-15
-25
12
-21
23
-20
-18
39
-18
37
17
7
-19
-47
-29
18
-11
-9
-4
-37
-17
11
-11
-36
-1
-28
-13
11
0
-20
37
-13
-29
13
16
-18
-24
-19
31
4
-32
-19
25
4
-8
-13
-1
-15
-3
32
-2
49
-30
-12
-7
20
-47
-5
-11
-20
12
68
-6
0
-9
-7
-21
-1
-2
-41
35
-7
5
-11
33
-11
-11
-18
4
-6
-35
-57
43
24
-2
-20
9
-42
6
62
2
48
-2
-30
-29
6
-33
0
-2
-40
-46
35
-10
-41
-38
-28
-10
25
13
-29
27
-6
-19
19
35
-26
-26
14
59
-25
-35
-15
31
6
-9
-9
-20
13
-22
47
15
45
-41
-61
-37
4
-38
24
-37
34
-21
15
-34
-13
-50
-37
2
-5
46
0
-20
2
-21
-11
34
8
-23
-28
8
20
-15
-20
11
26
-24
-9
-5
3
16
19
9
18
-37
-18
-37
-37
-50
28
-14
-7
-12
25
-34
-19
3
-12
-4
-12
54
-29
20
25
-29
9
19
0
-35
-50
-21
5
-36
-14
27
50
-20
-19
-7
-15
12
29
8
23
-30
-15
-1
-30
-31
5
-7
-34
14
32
-33
-4
4
3
-5
3
26
-62
1
6
0
-9
42
4
-11
-20
-30
-32
-10
-37
28
36
-17
-1
8
-31
-9
28
0
-1
8
-50
-11
-36
-11
5
-2
-43
-1
77
-18
14
-1
16
20
19
15
-54
3
8
-7
10
38
3
18
-29
-37
-2
20
-59
7
29
0
15
-1
17
14
26
8
14
5
-19
-36
-30
-23
20
-11
-40
-28
65
-10
12
0
-4
0
-1
36
1
3
15
-26
-5
3
-30
31
-5
-12
0
5
-10
40
17
-6
-29
-14
5
8
17
-5
-13
-22
-39
-12
-3
7
23
3
-22
-7
27
2
15
1
10
13
15
9
26
16
3
2
9
22
6
3
-37
-13
20
6
-16
6
3
-8
-28
-19
14
12
-9
15
15
4
10
-2
3
6
14
-2
-24
-36
-7
31
-1
-17
10
-19
12
3
20
-6
-16
-3
10
-9
-15
9
4
26
7
10
-18
-3
-22
13
-28
-14
33
0
10
4
10
-26
-1
-18
-21
52
23
15
30
-16
17
-10
-25
-39
-35
-16
-30
35
-8
14
-36
-22
10
22
6
34
10
29
-3
25
-22
41
1
15
-3
-22
8
3
6
7
49
-45
-10
-27
-8
33
28
-5
47
-10
52
-32
-27
-42
-56
-19
-62
65
-12
14
-10
-22
0
8
-1
31
-8
4
16
-6
-11
53
28
-11
-29
-18
-19
6
-3
8
21
-39
-21
-39
-39
1
20
-6
-12
-15
45
-16
-34
-23
-46
-8
-23
53
-39
38
9
-34
13
15
-6
2
-8
2
-2
-6
-15
31
30
-29
-31
-13
0
7
23
1
21
-28
-56
-14
-6
-13
19
-3
4
-5
48
-16
-16
-33
-22
4
-16
43
-35
-7
13
-49
4
37
-3
-3
-17
-18
4
8
-37
15
35
-20
-18
-7
-21
18
38
14
7
-30
-34
30
-19
-26
3
-13
26
1
24
-39
-21
-3
22
2
-3
6
-57
-4
49
-15
35
46
28
-10
-47
-66
-37
13
-118
-1
35
-24
21
14
-50
4
54
10
65
-21
-28
35
-12
-35
0
-23
22
16
42
-33
8
-11
10
-19
-25
16
-59
-15
68
4
18
43
24
-23
-57
-56
-36
19
-91
-5
23
-9
41
-8
-31
-11
29
7
27
-7
-35
-3
-41
12
-21
-3
7
3
93
-32
8
-32
-17
-2
-45
15
-34
-22
50
-10
24
-17
-4
21
-24
-26
-29
29
-51
37
-15
0
23
-25
-35
15
1
-4
4
-23
-8
-7
-27
6
-8
0
-36
-14
76
7
4
1
4
-1
-15
10
-9
-8
30
-24
9
17
-23
24
2
-18
-21
34
-31
30
-5
14
5
-27
-17
11
21
7
-11
-16
-34
13
10
-5
8
24
-15
-13
20
21
0
-1
22
15
1
-7
17
-18
14
-7
40
29
-4
1
-25
-12
6
27
-40
-20
-20
2
4
-36
23
11
0
33
-14
3
-7
-24
15
-7
13
10
-18
-25
-15
15
3
-21
6
-45
-13
-5
29
-4
25
15
-3
-11
-10
-35
-32
-26
11
12
-16
-10
1
32
-31
-8
26
-15
-36
-22
-13
-44
22
-15
-5
24
-1
30
0
24
22
-2
-12
24
-22
-58
-58
0
-60
31
11
-6
6
-6
1
-19
-40
-46
-15
-20
-8
32
-14
13
14
17
-22
-14
-29
-25
-9
-19
-22
-10
4
29
-26
4
16
-5
23
-14
-11
-21
-30
-25
-58
-1
-44
-10
23
6
32
-10
5
-14
-28
-23
-4
17
-32
0
-7
-16
14
6
-23
0
-35
-30
-15
-30
-27
-15
9
20
-37
9
11
-1
38
-8
-11
-26
-21
-22
-36
-13
-45
-18
26
5
28
-13
7
-23
-18
-40
-8
17
-51
-2
-6
-24
17
15
-42
-10
-8
-33
22
-12
-16
-6
-5
68
-31
22
25
13
54
-27
-13
-30
-38
-37
-85
8
-54
-31
20
-21
36
-4
28
-4
-33
-33
-28
23
-29
25
-17
-10
46
-7
-43
-8
-6
-23
10
-14
7
44
-51
65
-50
7
17
1
72
-15
23
-26
-11
-18
-66
-2
-51
-39
36
-3
29
-15
15
7
-6
-46
-43
54
-56
24
0
10
39
-5
-58
6
16
-28
6
18
-8
54
-75
10
-48
7
4
-18
24
13
30
-25
5
-15
-48
-12
-55
-46
36
6
10
-17
-5
-48
-27
-56
-48
64
-40
2
15
11
25
-1
-75
18
-10
-31
-22
29
8
9
-41
18
-62
7
-2
-4
8
-4
39
-55
-33
-14
-77
-21
-41
-68
31
-8
21
-19
-6
-22
-24
-38
-49
56
-24
7
10
-1
37
-11
-56
31
-38
-41
-33
-5
-14
0
-15
28
-62
26
-21
13
32
12
27
-23
-18
-21
-68
-15
-40
-52
19
-15
15
-36
4
-11
-1
-16
-26
43
-15
-3
-25
19
27
-34
-24
28
-17
-26
-35
-16
-28
0
5
21
-18
17
-24
-7
0
34
-5
-18
26
-10
-50
-8
-3
-44
16
-25
47
-22
-8
-14
-4
-9
-14
27
-22
-21
-13
9
11
-40
2
2
0
7
-45
-15
12
-19
-8
-15
-1
-22
-16
-36
12
16
15
-29
1
-17
13
1
22
-30
24
4
-2
-40
-17
-36
-8
-21
3
16
-25
-8
0
10
-19
-7
10
25
-17
-9
-18
-46
47
1
-18
-7
-4
8
-3
21
30
39
1
0
-18
-24
15
-28
-51
-4
4
20
-11
-11
12
-14
-17
-46
-15
-18
-57
-8
2
8
29
36
-13
26
-18
-9
14
-38
24
9
-13
11
-17
-8
-12
-14
32
-4
-20
-53
-29
16
30
-18
-50
-29
10
29
13
-13
19
-22
4
-14
-15
16
-68
-36
-14
-12
30
27
7
20
-24
4
-1
-58
-1
5
-18
16
-16
20
-21
3
38
13
19
-48
-42
11
6
-19
-35
-38
16
18
21
-22
4
-9
-4
-9
-14
45
-47
-25
7
1
13
8
1
19
-30
-18
-5
-22
25
-6
-51
28
-21
32
-44
14
30
24
23
-32
-33
2
-7
-19
-61
-18
-1
7
30
-20
-2
-13
-23
-9
-26
36
-30
-6
18
2
21
3
-27
22
-22
-22
-3
-11
43
14
-67
20
-26
32
-43
13
15
14
30
-29
-47
18
-3
-28
-57
-32
-3
2
22
-13
-12
-19
-27
-23
-43
33
-33
-2
25
8
36
19
-41
32
-35
-30
-18
-20
31
14
-61
-1
-31
-3
-42
2
-10
-7
46
-34
-55
28
4
-42
-42
-70
21
16
19
-19
-20
-42
-51
-31
-40
31
-24
-10
41
3
30
18
-42
38
-47
-38
-42
-23
15
-7
-28
-1
-46
-9
-28
-6
-19
-13
30
-31
-64
4
-16
-57
-28
-72
35
12
28
-4
-20
-37
-46
-8
-43
22
-14
-8
31
1
36
17
-17
46
-38
-41
-46
-41
1
-10
-4
9
-41
-3
-24
-3
-13
-10
31
-5
-44
-6
-31
-44
-13
-64
32
-3
26
-13
-13
-16
-14
9
-43
6
-7
-23
3
1
24
16
-6
30
-25
-50
-43
-39
-18
-22
14
19
-15
8
-31
-14
-4
23
7
-20
-8
-9
-17
-32
-2
-48
8
-28
39
-17
-18
-6
-6
16
-19
-14
1
-21
3
-3
2
-18
15
9
7
-7
-38
-28
-9
