-10
-1
-71
-19
-8
-1
14
-11
-46
-46
-24
3
36
37
35
-64
-10
-43
-28
0
0
19
-5
-20
-56
-54
-20
5
-36
17
28
-65
20
-71
-18
21
20
0
-16
-36
-22
-45
-6
6
-27
16
12
-60
18
-62
-13
13
11
9
7
-26
-28
-40
11
5
3
29
21
-53
18
-61
-9
22
19
13
-25
-23
-41
-45
-7
1
-50
-1
-1
-41
23
-70
-15
10
21
15
-7
-33
-28
-63
10
4
-5
44
33
-69
48
-60
-45
-28
34
4
-7
-25
-28
-37
-30
-3
6
56
9
-54
-12
6
-32
-34
-18
4
15
-12
-45
-43
-31
-3
19
-1
37
-48
27
-68
-37
-40
39
11
43
-35
-40
-69
-31
14
41
71
38
-87
-6
-23
-64
-44
12
-18
6
-23
-27
-59
-38
7
19
9
11
-53
-32
42
-42
-7
-31
-15
-13
-22
-12
-43
-56
-10
6
-4
2
-40
27
-36
-18
-29
14
13
-4
-19
-17
-31
-15
-4
42
68
16
-33
-20
-20
-35
-6
3
3
-42
-16
-42
-77
-5
17
-45
11
33
-27
-50
-10
-14
-56
-26
8
-6
-9
-17
-70
-2
27
-25
-11
56
-33
-5
-35
-26
-60
2
25
20
-13
-59
-47
-9
30
6
65
33
-38
-6
-39
-38
-62
3
8
-9
-16
-65
-31
-25
30
-19
29
4
-25
-2
-53
-30
-60
0
9
26
-14
-54
-18
-3
34
11
36
24
-21
-24
-38
-25
-35
-8
9
-33
-10
-60
-38
-8
22
-32
-11
18
-25
-46
2
5
-14
-26
14
-30
-16
-40
-77
-3
16
-49
-8
55
-20
-43
-12
-41
-30
-28
11
-9
-3
-41
-22
-25
15
-16
-17
21
-47
-4
-31
-47
-13
16
11
-1
-31
-47
-65
-33
36
-24
51
0
-34
-23
-40
-5
21
-3
25
-28
-21
-30
-67
-12
27
-76
3
-3
-18
-19
-59
-7
32
4
20
-25
-29
-17
-47
-2
31
-61
20
-8
-37
-19
-54
-8
15
-5
25
2
-23
-19
-46
8
28
-35
29
2
-40
-17
-53
-11
28
-1
26
-21
-20
-32
-52
-2
26
-65
1
-9
-27
2
-50
-13
18
7
5
-18
-26
-3
-58
11
22
-18
29
11
-25
9
-42
-46
6
22
-16
-22
-32
5
-4
-20
31
-16
26
-13
-29
-47
49
-27
-2
-44
-8
8
-6
14
-24
0
21
-33
-23
-10
1
17
-69
-13
-38
11
13
14
-13
22
-63
4
9
34
80
-1
-4
-27
-12
-31
13
-22
-16
-28
-20
-22
-24
-13
20
-34
-5
8
-4
-22
-2
-16
19
-14
-4
-9
-21
-13
-18
-9
9
-8
12
9
-36
32
-43
-28
-29
17
12
15
-9
-45
11
-10
0
8
37
-10
-42
-29
-25
-14
13
-5
8
-43
-15
-38
-73
19
22
-59
6
25
-15
-42
-24
4
-38
-19
7
-24
-19
-19
-77
-7
38
-54
-29
35
-10
-23
-56
-17
-40
-1
24
17
-23
-49
-46
-7
45
-32
42
15
-38
-29
-54
-19
-43
-8
24
3
-15
-53
-50
9
42
-41
24
-3
-29
-23
-59
-26
-64
-5
23
24
-17
-61
-37
0
49
-20
24
6
-26
-40
-40
-15
-27
-10
6
-49
-19
-41
-47
-7
44
-46
-22
8
-11
-44
-26
15
-22
-26
11
-31
-18
-37
-86
24
42
-58
-24
41
6
-41
-24
-20
-24
-24
13
-18
-10
-54
-30
-30
26
-23
-36
19
-26
12
-45
-26
-27
20
6
-19
-29
-19
-17
-27
35
-21
47
-4
-15
-22
-24
-21
14
-1
9
-30
-16
-17
-45
-26
27
-66
10
-6
12
-15
-64
-4
33
1
22
-23
-28
-19
-52
-5
26
-56
20
-1
-29
-24
-45
-2
35
-11
25
-18
-26
-26
-63
-12
23
-69
20
7
-27
-17
-59
-19
21
-6
-1
-18
-29
2
-49
-1
35
-32
-1
-12
-18
-9
-19
-33
-9
-7
-20
-14
-23
20
-29
6
28
-22
-6
-12
-14
20
-8
-46
-3
-22
-37
12
-33
5
-6
12
8
7
6
-4
-23
-35
6
-18
22
-40
-12
-9
-22
-9
-54
-5
16
-34
-31
-2
-21
6
-71
-21
-39
12
12
19
-14
4
-40
26
29
17
61
9
-34
-32
24
-29
11
-29
-24
-40
-29
-20
-53
-20
20
-45
-18
-3
-10
-31
-27
-6
23
-9
11
-28
-34
-33
-70
-9
29
-52
1
13
-34
-10
-59
-65
-2
8
23
19
-29
-47
-28
-23
43
-47
44
-13
-66
-46
-37
-36
-12
-34
29
-14
11
-24
-36
39
34
-56
2
-6
-17
-33
-24
4
-48
-25
9
-16
-3
1
-38
23
30
-2
-1
29
14
-18
-50
-23
-34
-9
17
-18
-16
-49
0
-5
44
-28
28
-3
-2
-16
-49
-22
-45
-7
20
-8
-14
-58
-8
-1
41
-22
34
-1
-1
-17
-63
-15
-42
-7
17
-14
-13
-40
2
6
38
-11
21
-1
-2
-23
-34
-5
-34
-16
1
-55
5
-19
4
12
19
-10
-25
0
27
-44
-11
8
-21
-24
6
-36
-12
-19
-43
13
37
-36
-16
9
24
-39
-22
-12
-18
-18
16
-33
-16
-50
-45
-25
34
-55
-29
12
-16
43
-29
-12
-17
7
-24
3
-30
6
-2
18
-3
23
35
-9
6
30
4
-40
5
5
-35
12
-34
6
19
-2
3
-9
30
-10
-18
-17
-47
-23
18
11
10
-28
-24
-18
-47
-15
29
-57
28
-7
-19
-27
-37
-14
7
-7
8
-26
-20
-1
-42
-9
37
-53
8
-2
-5
-1
-31
-41
10
-10
-37
17
-45
28
-16
19
34
-13
19
-15
-34
12
-25
-60
16
-4
-48
24
-58
32
-17
30
33
-12
27
-20
-66
-35
-4
-50
7
-26
-20
-32
-26
-27
-15
-21
26
-17
-5
-8
-35
-53
-12
-33
-22
-44
9
-24
6
-4
-29
29
39
-28
-7
0
4
-12
-50
-24
-9
11
22
14
-16
-15
-61
17
32
-20
68
1
-35
-40
4
-3
-5
-37
-23
-33
-36
-3
-64
5
33
-48
-33
-10
-21
-28
-22
-2
10
-13
-7
-12
-45
-21
-62
-4
46
-44
17
8
-19
-26
-44
-36
-3
-10
13
-1
-31
-59
-45
-23
41
-50
28
-2
-49
-29
-36
-61
-36
-22
30
-8
3
-7
-35
20
32
-32
30
-15
-42
-20
15
-28
-73
-50
28
32
3
-47
-13
34
34
-9
3
20
-25
-12
-37
-38
-56
-21
9
23
-3
-60
2
9
32
4
14
29
-9
2
-48
-18
-52
-13
1
-23
-9
-54
-1
-11
19
0
11
5
16
-18
-37
-6
-35
-34
-4
-29
-1
-37
-2
18
15
11
-17
15
37
7
-64
-23
-36
-10
12
14
-3
-60
7
4
18
-6
-5
15
-4
-23
-54
-14
-15
-20
-6
-16
-19
-46
-11
12
34
-9
-30
14
-24
-40
-14
-16
-23
-29
1
-34
-14
-51
-12
-34
27
-22
-43
6
-15
38
-9
-55
-6
-1
-30
20
-37
-12
6
-12
9
1
48
-3
-13
28
-47
-35
-2
4
-25
-11
-28
35
-8
31
8
15
26
-8
-15
13
-31
-9
-26
-27
-23
-27
-5
59
6
-10
-34
38
-6
-17
53
-15
24
-25
-15
-41
-27
-27
1
19
36
7
0
-4
-37
-9
40
-3
24
-36
-45
-46
-14
16
-9
23
16
44
17
10
35
-8
-7
-25
-22
-48
-29
-30
8
-19
-15
-32
-7
-9
36
-7
36
-14
-15
-31
-17
-36
-23
-20
-14
-47
-24
12
11
5
47
-43
8
-15
7
-18
25
-40
-54
-63
9
16
-2
-22
30
43
29
-12
3
4
-19
-24
0
-62
-39
-31
36
5
2
-60
-22
10
30
-37
57
4
-26
-42
9
-5
-6
-40
-20
-31
-37
-25
-53
-7
42
-50
-27
-3
-5
-24
-51
-10
-9
-2
9
-7
-37
-32
-55
-1
51
-46
28
3
-33
-39
-34
-27
-25
-20
-5
-33
-36
-36
-45
-24
54
-47
8
7
-32
-24
-14
-43
-29
-21
-15
-6
-34
-23
-40
-14
36
-20
-6
-8
-49
-25
35
-81
-38
-68
-15
46
-11
13
-21
42
22
10
-24
5
-81
-36
8
-20
-79
-48
43
36
-1
-48
-37
8
33
-6
-3
16
-41
-23
-39
-26
-67
-19
13
-12
-2
-58
-10
-3
28
-7
3
8
5
-29
25
-16
-64
-39
8
-13
1
-56
-9
-30
11
-8
-13
-5
5
-30
-38
-26
-60
-15
23
14
-12
-72
-29
-7
46
-22
20
11
-17
-37
-50
-16
-37
-17
7
-14
-26
-55
-64
-1
50
-40
-29
18
-28
-43
1
-14
-4
-27
1
-17
-31
-39
-39
-51
20
-22
-33
19
-55
-36
38
-72
-28
-47
-29
-36
-4
13
-10
-23
8
0
-5
-14
-21
-12
26
-39
-63
-49
-9
-1
5
-15
-12
17
-5
-6
2
-11
18
31
35
-21
-12
-31
-45
22
-42
-1
17
-19
-13
4
4
-14
-12
0
6
-59
19
-35
-42
24
-34
18
4
5
5
13
-2
-9
-50
19
-47
-57
-64
-10
16
14
6
-31
-27
5
-7
33
68
-4
-12
-3
26
-21
-34
-41
-19
-4
-14
-16
25
-9
-6
23
12
-12
9
18
-15
-38
32
-20
-58
29
-42
57
25
47
15
23
3
6
-26
-12
-4
-65
-31
-42
13
-5
15
16
-11
36
11
-16
-35
-7
-29
-41
-1
-30
-47
-47
29
31
-7
-20
-34
15
36
4
5
13
-30
-38
-24
-19
-18
-26
-12
-17
-32
-32
-32
-14
47
-34
-15
-3
-14
-31
-55
-15
-5
-12
13
-18
-23
-27
-38
4
43
-54
11
-6
-18
-46
11
-15
-53
-43
-21
-40
-13
-1
-56
-16
33
-17
-63
6
3
-30
35
-43
-71
-53
-14
38
-26
-17
-61
-15
33
13
0
10
-4
-1
7
-96
-39
-16
-12
26
-21
12
-37
-6
25
26
79
18
-31
-29
26
-33
-46
-52
34
39
12
-24
-29
38
23
-5
-36
12
-23
-15
-50
-1
-52
-22
3
4
-11
-25
0
30
37
34
-15
40
11
-9
-43
-9
-37
-17
-5
-44
-12
-44
32
2
28
3
-23
7
21
-10
-48
-11
-43
-14
3
-30
-7
-41
26
14
31
-2
-11
15
21
-28
-25
-21
-52
-29
-1
-44
-4
-42
22
9
43
-18
-32
5
31
-48
35
-6
-38
-45
-8
-39
-8
-21
-18
-34
15
-6
-51
-16
17
-4
20
-24
-45
-24
-21
-1
-35
-34
-22
-24
21
-16
-3
-18
-4
-11
42
-28
-12
-48
-39
7
-44
-2
12
-5
14
-9
-33
-26
-32
1
-48
-44
2
2
-21
27
-45
12
-10
8
36
0
20
-14
-67
-4
-47
-31
-33
11
17
10
-10
-38
-34
-3
18
-10
41
-23
-24
37
-37
-19
-56
36
24
7
-27
-52
-54
-31
19
14
116
-7
-11
37
-26
-64
-27
21
-23
-18
-49
-45
-44
-57
24
-19
67
-5
-43
-24
-22
-48
18
-13
-22
-15
-27
6
-4
-17
25
3
18
3
-34
10
-32
-22
-5
-24
-13
4
-19
42
22
49
22
-28
-3
-18
13
-30
42
-19
-19
-56
-24
1
-18
10
15
17
22
-29
-13
-9
18
-27
-1
-24
2
-31
-23
-27
-37
-7
22
-7
44
-35
-4
-12
7
-15
-30
-31
-4
-25
-18
-40
-26
-6
31
10
41
-30
-20
-11
7
-14
-8
0
-65
-28
-21
23
-34
10
-57
22
29
47
-15
15
-7
2
5
-48
-24
-7
-35
50
-43
-2
0
-9
15
52
15
11
-61
2
-37
-68
-14
24
-24
39
-50
15
-44
6
47
22
70
6
-84
-47
-14
-51
-52
-21
7
-14
1
-9
-48
12
32
-20
-10
-21
-10
9
-41
12
-48
-12
3
31
-22
6
-2
21
20
47
8
47
-20
36
-71
1
-21
11
6
1
-18
-18
30
7
5
13
-3
3
-25
44
-82
-2
-25
18
7
30
-19
-33
8
11
2
35
21
23
-30
41
-82
-5
-36
21
12
48
-16
-46
1
20
5
46
19
26
-39
-23
-33
-23
-21
-14
8
-11
-13
-59
-14
-29
15
11
-47
6
-51
8
-15
-39
-17
-10
-30
2
-53
-22
-3
-19
40
-20
11
-2
-28
-31
20
-22
-31
-61
-9
-3
-19
3
-10
30
40
-17
-26
-20
-2
-14
-58
-26
5
-1
7
-3
-27
-1
-28
7
41
-19
40
-11
-20
-4
-70
-25
-32
10
24
4
-12
-28
-20
3
33
-14
32
-11
-18
54
-59
-27
-63
33
-5
-2
-38
-20
-37
-29
22
20
99
3
-21
1
8
-46
-38
-16
-32
-25
-46
-46
4
-18
42
-54
19
-20
-2
-4
25
-7
-53
-50
-24
-13
-13
6
29
15
8
-18
-20
-17
44
45
-17
-12
8
-22
-46
16
-41
9
39
25
3
-4
-12
-1
5
36
-3
-27
12
-13
-43
27
-43
5
48
19
7
-3
2
-9
-18
53
-8
-32
-1
6
-49
36
-57
27
9
35
11
-5
31
-19
-46
45
-7
-68
-22
-4
-45
27
-38
18
-10
-18
-10
18
41
-15
-32
-19
-30
-37
9
-4
-12
21
-33
-1
-27
-10
26
16
39
21
-59
9
-55
-48
5
14
-18
7
-43
10
-29
10
34
4
58
-12
-46
6
-44
-35
-11
9
-10
-4
-41
2
6
-8
42
-12
51
-11
-28
8
1
-19
7
-22
-48
3
-54
13
35
15
34
-30
2
-14
-2
39
-32
2
22
2
-32
-6
-38
25
40
18
8
-18
2
-15
-1
20
-37
-23
-31
-26
35
-20
21
-11
37
38
-3
-30
-12
-12
-2
-12
-16
-25
-53
-55
47
11
8
-40
12
41
29
-12
30
2
-30
1
-68
-31
-51
-2
39
43
-13
-59
-34
23
41
-8
63
3
-36
-20
-54
-30
-21
0
17
-24
-22
-64
-30
-19
35
-29
-11
-9
-42
23
-51
2
34
-3
-9
-1
-25
5
12
19
4
-9
9
4
-15
-5
-28
-26
-46
-36
27
16
12
-28
3
35
17
0
-31
-8
-25
1
-32
-18
-56
-34
31
48
3
-60
15
23
15
28
1
21
-11
-13
-18
-51
-27
-21
-11
-7
-19
-32
13
-12
25
-8
-15
-9
-25
-2
-7
-44
-30
-34
-11
30
-10
-5
28
28
16
13
26
15
-10
15
-35
-29
23
-1
-36
14
-41
16
20
11
26
-2
2
-11
-23
32
-69
4
28
15
6
-9
-20
-3
5
14
-3
-19
8
-11
-26
1
-44
-26
-26
-23
22
-1
10
-34
10
36
14
-16
-26
-9
-18
-21
-14
-50
-46
-57
4
7
-9
-18
-15
30
27
6
16
-7
-35
15
-34
-45
-13
2
-18
18
-40
-15
-22
9
35
-2
55
-5
-22
45
-38
-68
-44
46
-11
-10
-51
-10
-78
-60
31
-3
127
-13
-38
-36
-7
-48
-1
-27
-26
-28
-27
-19
-37
-4
37
-21
10
25
-15
51
-30
-12
7
-14
-46
35
-51
9
28
20
10
-7
4
4
-10
60
-24
-15
25
-10
-44
22
-56
16
50
14
6
-18
0
-22
-24
13
-51
-34
34
-1
-30
8
-45
9
8
-1
27
-21
-7
-30
-47
7
-76
-19
33
14
2
-10
-32
-13
-25
-4
19
-27
9
-27
-49
6
-76
-25
7
8
24
1
-8
-17
-7
17
16
-36
13
-31
-25
7
-41
-30
-21
-29
48
-11
16
-1
15
39
3
-40
13
-19
-24
-8
-11
-29
-58
-49
55
16
9
-47
20
28
21
-27
22
-1
-38
-29
-40
-38
-50
-27
28
-5
-12
-49
-13
-17
41
-29
-3
-12
-30
-18
-65
-10
30
-5
20
-15
-27
-25
-42
-9
31
-54
22
-3
-34
-12
-75
-31
3
1
33
16
-11
-15
-24
13
31
-44
24
-31
-34
9
-84
-23
-20
3
38
60
-12
-19
-6
17
22
0
18
-9
-63
5
-64
-39
-9
-9
28
24
-8
-46
29
7
19
-10
4
-1
-43
-20
-42
-59
5
-8
22
9
-8
-11
-3
-2
21
-25
34
-16
-56
-19
-53
-47
9
-4
26
22
-4
-12
13
11
28
-19
43
-6
-41
-15
-69
-20
29
5
22
3
-22
-15
-30
2
24
-42
33
-19
-49
-30
-61
-41
4
-7
17
10
-10
4
-22
22
35
-32
21
-25
-32
-13
-24
-30
-45
-39
21
31
-2
16
-10
40
16
16
23
-8
-28
19
-47
-22
-48
-12
17
21
-3
-37
9
-8
-2
27
35
-5
10
38
-48
-52
-69
30
-4
3
-37
-25
-30
-53
31
15
84
4
-30
-28
8
-40
-8
-16
-35
-14
-40
-27
-47
-11
46
-49
-18
12
-14
11
-49
-36
20
-2
-36
27
-47
17
-14
12
28
-8
1
-5
-57
0
-78
-29
28
11
4
-2
-33
-14
-17
-10
28
-28
8
-35
-51
-10
-72
-18
30
9
22
1
-29
-13
-30
-11
33
-51
22
-30
-43
-11
-71
-16
33
8
21
-2
-30
-13
-32
-14
33
-56
21
-29
-40
-7
-72
-13
31
10
21
-5
-32
-18
-34
-12
31
-52
28
-25
-43
-1
-75
-19
22
8
22
2
-22
-18
-23
-1
24
-43
23
-29
-35
8
-65
-34
-12
-9
35
2
6
8
2
27
9
-37
9
-27
-30
-20
-18
-41
-30
-33
37
15
6
-26
23
5
15
-23
-4
-22
-43
-19
-58
-10
34
0
16
-21
-32
-16
-44
-19
37
-70
17
-12
-27
-12
-68
-19
27
9
22
-1
-27
-14
-29
-10
31
-53
26
-27
-43
-11
-76
-15
19
7
24
7
-30
-23
-41
-3
32
-38
40
-15
-51
-29
-46
-44
15
-9
-5
-14
-28
8
-38
-11
31
-38
16
-16
-51
-16
-61
-30
5
-4
-5
3
-27
11
-35
13
36
-14
30
-14
-26
-22
-51
-33
19
-1
7
-10
-25
-16
-47
-20
22
-39
17
3
-43
-17
-67
-21
18
9
18
8
-23
2
-42
8
33
-17
46
-8
-34
-9
-49
-44
24
5
-14
5
-47
12
-37
-14
41
-43
30
-29
-44
24
-45
-40
-2
5
-27
12
-46
29
-3
17
26
5
26
-11
-47
54
-73
-8
3
21
0
-11
-42
-26
22
-23
1
-2
22
-4
-43
48
-68
-20
0
13
-20
11
-62
-4
28
-20
28
-9
8
-9
-52
-8
-14
-30
17
-11
-30
0
-45
-3
6
-9
35
-34
-6
-22
-28
-17
-67
-19
31
2
13
2
-33
-1
-31
-10
40
-49
21
-27
-42
-9
-72
-15
31
7
22
-2
-31
-15
-31
-12
33
-52
25
-28
-41
-6
-73
-15
30
9
22
-1
-30
-18
-32
-11
31
-51
25
-28
-43
-8
-71
-16
28
10
22
0
-30
-18
-34
-9
32
-50
29
-27
-43
-10
-70
-15
32
7
20
-4
-30
-16
-32
-12
31
-53
26
-27
-42
-7
-70
-15
29
10
21
-4
-32
-19
-33
-14
32
-55
27
-28
-42
-1
-75
-11
33
8
19
-9
-33
-21
-30
-15
28
-54
21
-27
-41
-19
-59
-34
4
-6
22
-22
-15
-23
-23
-1
34
-52
-13
-29
-32
-10
-57
-25
17
10
13
5
-14
13
-14
9
33
-30
20
-14
-14
-14
-53
-43
29
-1
9
14
-8
14
12
1
21
-16
11
-20
-27
-23
-62
-16
27
2
24
0
-20
-7
-37
8
33
-48
30
-17
-41
-32
-44
-15
7
-18
9
-13
-22
0
-39
20
38
-48
16
-8
-21
12
-55
-41
-35
22
3
6
-37
-17
-32
-26
39
-2
64
-10
-46
-14
-27
-45
16
12
-4
-17
-23
-11
-14
-25
27
-19
49
5
-17
6
-61
-18
10
11
9
-14
-18
-4
6
2
18
-13
38
0
-22
-2
-57
-26
26
5
-10
-11
-34
-9
-10
-6
26
-26
9
-14
-37
10
-66
-16
33
8
-5
-9
-31
-6
0
5
17
-16
10
-10
-39
29
-72
2
37
19
9
-18
-23
-1
10
10
1
-22
6
-22
-31
19
-71
-15
29
12
-5
-6
-37
-5
-1
2
21
-26
0
-34
-39
-2
-75
-20
33
10
8
-6
-34
-12
-21
-13
29
-39
10
-33
-47
-10
-72
-16
31
8
21
-1
-30
-14
-33
-12
33
-53
23
-29
-43
-6
-71
-15
30
10
20
-3
-30
-17
-31
-12
31
-51
23
-29
-42
-8
-69
-16
27
10
21
-3
-30
-20
-31
-11
31
-53
28
-28
-41
-8
-71
-16
29
10
21
-2
-31
-20
-33
-12
31
-52
28
-28
-44
-10
-72
-15
35
7
20
-4
-31
-15
-31
-14
31
-55
21
-29
-43
-8
-72
-13
34
8
20
-5
-32
-17
-32
-14
31
-55
23
-28
-44
-10
-71
-13
37
4
20
-7
-31
-14
-29
-15
30
-59
21
-27
-41
-25
-56
-23
7
-6
22
-24
-18
-19
-30
2
41
-57
-8
-28
-25
-8
-65
-40
-15
-7
15
-3
2
-12
-31
28
12
4
0
-8
-12
-11
5
-71
-28
-39
4
16
2
6
-15
-36
-23
30
28
-17
-23
-19
-59
-51
-1
-12
18
20
-2
7
-28
13
24
3
49
-7
-19
4
-62
-20
15
7
5
-2
-13
-1
-2
-5
9
-4
-4
-13
3
42
-79
-19
22
21
-1
-7
-37
-18
12
-17
6
-8
8
-20
-43
13
-55
-25
38
0
-21
-15
-32
6
9
4
12
-4
2
-2
-33
17
-61
-16
20
15
-4
-2
-24
10
10
27
17
2
20
-8
-26
12
-60
-29
8
26
-4
-6
-36
-8
-3
1
31
1
38
-13
-42
-24
-60
-32
30
1
14
7
-17
0
-18
5
26
-28
33
-14
-41
-10
-77
-17
32
4
23
3
-27
-15
-34
-4
27
-43
27
-27
-48
-9
-73
-15
35
6
20
-4
-30
-13
-29
-13
30
-53
20
-28
-41
-8
-72
-13
32
8
21
-2
-31
-16
-32
-11
32
-52
23
-28
-43
-8
-71
-14
30
9
22
-1
-30
-16
-31
-9
32
-50
25
-28
-43
-7
-70
-16
28
10
22
-1
-29
-18
-30
-9
31
-52
26
-29
-42
-11
-70
-17
30
8
21
-3
-31
-17
-31
-13
33
-54
25
-29
-43
-6
-74
-12
34
8
21
-4
-31
-14
-33
-12
31
-51
23
-27
-41
-10
-71
-15
32
7
21
-3
-30
-16
-32
-12
32
-53
24
-28
-43
-13
-71
-14
33
6
21
-2
-31
-14
-36
-11
32
-53
29
-24
-43
-12
-70
-13
37
5
20
-5
-32
-14
-30
-16
33
-60
21
-29
-42
-23
-58
-24
9
-4
22
-22
-18
-19
-25
-3
40
-58
-8
-30
-27
-12
-27
-39
-9
-25
-22
3
-10
2
-12
6
13
22
-19
4
8
-4
-56
-33
-8
16
16
4
-22
-20
-33
-8
22
-17
18
-6
-58
-28
-38
-27
-40
-16
21
21
9
-21
-41
24
12
12
11
11
-29
18
-24
-31
13
14
-18
-10
-26
-9
-18
-19
-6
9
4
-7
-40
11
-37
-29
-2
-3
2
-33
-26
-3
-8
-58
3
-22
-1
-29
-8
-9
-42
-29
22
-11
-22
-27
-26
35
-4
-32
6
-10
0
-21
-3
-11
-58
-30
23
-2
-4
-1
-28
14
-4
8
26
-1
30
3
-44
22
-63
-41
8
11
-13
-3
-34
6
-2
8
21
0
29
-8
-47
-30
-31
-49
36
-14
4
-1
-13
-28
-9
-24
17
-27
18
-1
-38
-16
-70
-16
39
3
18
-3
-26
3
-27
-9
29
-46
22
-18
-34
-14
-69
-16
38
3
15
-9
-30
0
-21
-15
31
-48
17
-24
-36
-12
-71
-15
36
4
16
-10
-29
-3
-20
-11
29
-45
20
-22
-38
-14
-70
-17
35
4
16
-9
-29
-3
-20
-12
30
-46
19
-24
-37
-11
-71
-19
33
6
17
-7
-29
-6
-20
-12
31
-45
20
-26
-37
-14
-69
-17
37
5
16
-9
-30
-3
-23
-15
31
-50
20
-24
-36
-12
-70
-15
36
6
17
-10
-30
-5
-25
-13
30
-48
22
-22
-37
-13
-68
-18
34
6
16
-9
-30
-5
-23
-15
32
-50
20
-25
-36
-15
-67
-17
30
6
18
-8
-29
-7
-25
-11
32
-47
27
-22
-36
-20
-67
-18
39
1
17
-9
-29
1
-20
-15
33
-52
20
-24
-35
-23
-57
-27
10
-4
19
-24
-21
-17
-26
-5
41
-59
-9
-28
-21
-8
23
-32
-25
-17
-26
21
-26
-1
5
-19
15
25
-2
-11
-34
4
-71
-33
-5
24
23
16
-26
-31
-12
2
37
-20
31
-23
-47
-22
-7
-52
-38
-5
40
19
0
-32
-21
-4
25
-40
32
-26
-39
-4
-50
-38
-3
11
20
22
-10
0
-22
6
25
-46
6
-39
-22
12
-59
-18
-4
24
13
1
-25
-10
-28
-14
17
-28
5
-42
-34
41
-5
-30
-34
1
-9
-2
-19
-8
-14
-66
-42
-1
20
-51
-5
-12
-24
-41
22
8
4
16
-14
-4
-7
-15
22
-31
2
-24
-18
7
-72
-33
18
23
20
13
-16
-8
1
4
24
-32
6
-35
-38
-12
-35
-33
-3
12
25
5
-4
-5
-8
3
27
-56
1
-36
-17
0
-57
-34
17
19
19
13
-10
7
8
0
30
-54
-1
-37
-21
1
-52
-37
18
16
12
12
-13
10
11
-4
28
-52
-6
-41
-21
0
-56
-38
19
18
13
10
-13
8
11
-5
30
-53
-6
-40
-21
1
-55
-38
17
17
15
11
-12
9
14
-3
29
-54
-4
-40
-21
4
-53
-35
18
18
15
13
-13
10
12
-2
27
-50
-3
-40
-19
4
-55
-36
18
19
13
11
-12
9
12
-3
28
-50
-7
-39
-19
3
-54
-35
17
17
17
13
-10
8
11
0
25
-51
-3
-40
-20
4
-59
-37
18
18
15
15
-13
7
11
-1
28
-48
-3
-40
-23
8
-59
-33
15
19
18
17
-11
9
8
4
26
-45
1
-38
-22
4
-59
-33
17
19
16
18
-13
8
4
3
26
-39
2
-37
-27
-2
-55
-39
0
17
14
6
-24
-9
-7
-5
31
-42
12
-39
-44
