11
-9
-18
-12
-1
-18
31
-2
1
-2
-8
6
10
8
-7
24
6
-10
-6
-11
2
-17
22
-21
-6
-10
0
-6
7
-1
2
4
2
-12
-9
-6
-6
-9
9
-8
-14
-17
10
11
-11
-9
10
8
6
-3
1
6
-12
-21
14
-6
-7
-9
-1
13
-19
-7
6
11
-9
-5
12
-1
-15
-16
9
-20
15
-2
6
-14
-6
-3
3
9
-8
6
28
11
-5
-20
-2
-5
3
-2
-8
-8
1
-4
-5
7
-13
-8
11
9
32
-2
-30
17
-12
-11
1
-13
7
-8
-20
5
3
10
-15
-12
-23
-1
26
-9
17
20
38
-4
14
-21
8
5
-27
8
4
18
12
-22
12
-7
3
-7
1
1
37
-14
-25
-1
-8
-6
-44
1
31
-21
24
33
-36
-11
-1
-5
27
1
-3
-13
8
14
-56
-34
-3
-11
66
-2
-1
-5
51
12
15
-19
45
6
3
10
-2
19
-3
-39
21
0
-9
-16
-3
11
8
-8
-2
-6
-7
-11
-21
18
20
-24
-7
27
-18
1
-11
1
-7
-8
-15
9
14
3
8
-5
-28
14
9
2
-2
4
25
11
-8
-20
16
2
11
-5
9
10
15
-18
21
-51
-12
2
-2
-6
29
-17
-32
-18
3
-12
-12
3
35
-14
14
-23
-18
-2
0
-1
34
-4
-28
-14
-11
9
23
19
29
-21
2
-11
8
8
-25
5
6
8
-33
21
-10
-1
-15
3
13
-15
18
-10
11
15
-11
-14
-4
1
-2
7
-4
4
23
-1
-29
9
-3
-3
19
1
1
-2
-17
-14
11
20
19
0
-4
-9
-12
-10
20
-11
-17
1
15
6
1
-7
0
6
23
-18
-17
21
4
-23
40
-14
-29
4
-62
-7
11
22
4
-51
2
-13
-4
2
-9
-8
13
-51
0
27
-21
-63
20
10
21
-56
-11
-8
9
2
-18
14
-20
-19
10
23
17
-45
20
1
8
-16
5
-2
5
7
-3
-10
-7
-40
4
25
21
-32
17
2
-10
-22
-23
4
9
-3
-17
0
-9
-24
18
23
13
-59
16
8
7
-27
-14
18
-16
-1
-16
-3
2
2
11
19
23
-35
28
-15
14
-35
2
-8
-27
7
-13
-14
2
24
-13
-8
5
-31
22
8
9
-50
30
8
-43
-14
-34
-30
60
-24
1
-3
30
3
-2
-17
56
-22
12
-16
-17
11
-43
-42
33
-22
-15
-9
1
1
-2
27
12
-29
10
-8
-70
-1
-8
-38
67
-7
-30
-3
-48
-29
-15
-3
65
-63
38
1
-37
-7
-34
-32
55
-24
-16
-13
-16
19
-21
-11
53
-17
18
-13
-22
-2
-16
-53
29
-29
-8
-21
14
12
-24
1
21
-10
-5
-7
-13
27
-7
-17
35
-11
-16
5
-49
-10
-21
-11
16
-44
19
9
9
18
-17
-1
15
-5
-15
4
-30
-2
-33
-3
40
-37
21
-14
33
20
-7
-1
5
-56
-1
17
-15
-22
13
5
-28
-25
5
-15
30
24
2
-7
1
-40
1
10
-37
-20
16
9
-42
-27
-12
-9
12
18
6
-7
0
-15
17
7
-37
2
4
21
-18
-13
-26
15
-7
13
15
-6
3
-21
19
8
-46
-15
-18
7
33
-19
-12
15
23
13
-18
2
-18
5
20
3
-18
-1
-33
-2
22
8
4
6
9
13
-1
-3
22
-25
-16
-2
-27
-10
5
-15
13
-30
10
-3
0
11
15
-25
13
4
-11
-1
-14
1
2
36
-11
-10
23
10
0
-15
12
9
-3
-9
3
20
17
-25
-7
21
19
6
-7
-2
25
-1
-12
20
-31
3
24
16
8
-24
8
8
-7
9
-7
-8
27
1
-20
4
-6
-5
21
9
-15
-33
9
9
0
-23
-18
12
17
-12
12
9
-13
-1
19
9
4
-39
17
7
14
-20
17
16
-13
-13
4
0
12
-4
-5
10
26
-6
11
7
14
-14
25
-7
-38
5
-19
-21
39
19
-18
-23
-2
34
10
13
12
-28
39
-23
-22
4
-40
-18
63
-23
-20
-7
-10
8
-20
-19
39
-26
21
-13
6
17
-30
-40
10
-15
-19
-7
-7
2
-22
32
1
-15
27
-20
-26
-2
-18
-19
55
-15
-12
-2
-14
-25
-9
5
32
-30
33
0
-4
14
-32
-30
23
-13
-5
6
-1
-26
-9
-12
34
-25
16
-18
-33
14
-3
-29
14
-32
-22
-6
11
-15
2
-1
-2
-39
-2
9
-27
-2
4
-7
-6
-15
-2
8
20
-17
-26
-9
18
-10
20
20
-11
11
11
-12
3
-8
-13
6
14
20
-32
-7
8
11
30
-5
2
11
12
0
4
-37
-5
30
0
-4
-20
12
-33
8
2
-12
9
18
-1
11
-19
6
4
13
-21
3
0
27
-43
-3
-11
3
7
15
-17
2
-4
9
17
-1
-34
12
-14
26
-10
-2
14
10
9
3
-2
1
-7
-8
5
-17
11
38
-40
7
-6
34
32
3
28
16
0
-10
-11
-3
-8
1
-1
28
-46
11
-14
24
7
4
19
14
-16
2
12
-9
-1
12
-20
2
-6
-6
-15
1
-4
6
24
18
-10
-22
12
14
-2
-3
-32
8
3
24
-11
-12
26
-3
-3
6
6
15
-15
45
-32
2
7
23
-7
13
-19
13
-14
13
8
8
13
2
-45
30
5
8
2
-10
-8
10
-11
17
-1
14
5
-4
-4
27
-24
22
12
10
12
-22
2
18
6
-6
0
15
-15
-8
6
18
13
5
4
4
19
4
13
0
19
-6
27
-32
-4
17
-6
13
29
7
-61
0
-28
8
2
3
-5
-25
38
-26
-33
14
14
-19
47
-6
-58
-2
-28
8
-1
7
5
-37
61
-19
-12
6
-11
-10
48
-37
-48
9
-8
13
-45
-2
22
-14
22
-16
2
17
-1
-23
19
-27
-25
11
-44
-18
-17
28
12
-26
20
-18
-6
-1
-11
-3
49
-5
-30
-1
-37
-25
-3
-1
49
-56
49
-21
7
21
-21
-19
13
11
-32
8
-22
-15
-3
20
8
-31
40
-51
0
30
-37
-17
26
-9
-38
1
-50
-23
2
26
-15
-66
4
-10
-4
2
-8
-5
1
-12
5
-10
-7
-13
1
3
-10
-29
16
15
-19
-6
-3
-8
6
-29
14
13
19
11
-11
-18
-7
6
-7
19
-3
-1
6
3
11
-32
24
20
6
6
14
-24
-23
6
-30
20
-5
5
7
8
-7
-6
27
16
1
2
9
15
-17
2
-14
24
-1
-5
-6
1
4
-8
37
23
-1
3
-6
19
8
13
-23
4
11
13
2
-13
-5
-5
33
10
-31
9
-26
18
-19
38
-33
-1
21
4
15
-9
-15
5
31
5
-24
6
-28
-4
-21
40
-8
14
8
-15
-8
3
7
-10
29
6
11
3
-10
1
2
24
-11
35
-25
15
10
-16
4
-5
-2
18
22
-5
7
-4
23
-21
9
-1
-19
17
-1
-7
28
-7
-39
13
-4
-9
12
8
2
-35
-28
33
-33
-4
15
-17
15
32
9
9
17
13
20
4
6
-2
28
-2
-25
-35
-31
27
45
27
4
-13
35
43
-7
1
42
11
42
-13
-16
6
-31
-8
40
23
-33
-15
0
67
-17
-3
17
-9
38
-31
-29
22
-3
-31
60
-18
-51
10
-42
20
25
2
-22
-46
20
-17
-13
8
9
-1
17
41
-36
-20
-26
0
16
12
15
-34
54
-9
27
9
-22
-3
18
4
-10
-7
-5
43
-27
-5
3
1
36
-20
29
13
-26
-16
21
-8
-8
3
-35
11
-16
18
-13
-12
29
-15
21
-3
-14
12
23
-4
-22
-3
-11
2
-25
1
28
-5
40
-10
13
24
-4
-5
-7
21
-36
7
3
14
-8
15
-11
-18
22
-39
-19
22
-9
7
12
9
-50
3
-56
-34
19
21
-6
-79
8
-15
-7
19
-19
3
14
5
-12
-4
-37
-6
12
16
-1
-42
36
-23
-8
22
8
-27
35
-34
-25
1
-39
13
-3
9
-24
-24
23
-17
29
16
-19
-14
28
-52
-1
10
-35
-9
15
7
-37
-26
-28
6
37
7
6
-7
5
-30
17
3
-18
-11
15
-3
-31
-4
7
7
14
0
6
-5
27
-24
15
10
-14
11
-2
6
-15
17
-6
-9
41
23
17
-8
4
-11
16
9
-59
21
-18
7
-31
7
-28
-16
32
20
15
14
-24
-2
20
5
-51
-7
-14
2
-27
1
-20
20
-2
3
2
2
7
-6
16
5
1
-6
8
2
0
1
0
-3
-25
-21
-21
-7
51
11
-8
-15
11
4
22
11
25
-15
26
-1
-10
-9
-16
-11
53
-27
-22
-10
-2
27
-6
2
11
-11
8
20
-25
-16
0
-9
47
-3
-2
-19
10
34
-24
-18
52
7
16
-11
-8
-3
-2
7
50
-18
-36
-14
-6
26
-18
-10
23
-1
24
-25
-13
-1
12
-29
30
-1
-30
-17
-31
31
7
9
-20
-9
13
-8
17
18
24
-23
7
21
-21
-28
-39
31
1
8
-12
-17
33
-16
29
24
-21
-10
-5
32
-16
-34
-34
43
-34
-7
3
-7
42
-31
25
14
-8
-13
8
4
-12
-9
-48
30
-33
0
-16
2
17
-10
54
19
-35
4
0
-1
15
0
-62
3
-23
21
-9
-16
31
-5
55
-4
-10
34
-11
-2
10
2
-8
0
-26
6
-2
21
24
-6
28
9
5
14
-16
11
-14
-3
10
7
-6
6
-22
0
-10
-7
-18
-13
0
4
36
14
-12
-35
11
18
15
-7
16
-13
36
-17
-6
15
11
-32
45
-26
-32
-1
-19
17
5
12
-12
-20
38
-44
-39
35
25
-43
26
45
-64
-32
-55
18
21
10
-5
-61
32
-32
7
29
6
-34
29
-31
-40
-6
-59
9
-12
-2
-16
-47
-8
10
36
25
0
-14
-5
-28
-7
-1
-26
-5
7
-2
-29
-27
4
-4
23
12
23
10
-7
-13
5
6
-36
19
-40
17
-14
34
0
-5
30
20
17
-14
-28
20
18
-19
-32
55
-51
10
-25
29
3
-9
41
-3
32
10
-55
17
8
-30
-7
47
-59
3
-24
45
12
9
16
-2
10
-3
-1
-4
3
-17
-9
26
-22
18
-1
13
-13
3
-19
0
24
0
27
25
-24
-27
-54
-4
14
19
30
-39
6
-1
4
0
-37
18
28
10
-5
7
-15
-8
-6
-3
35
-13
24
-8
17
21
-26
-17
31
-18
-23
-5
-21
1
-12
-2
15
-14
44
-26
-3
12
29
-48
68
-93
-48
22
-66
-29
35
26
-13
-66
10
-13
16
20
26
-51
27
-37
-43
1
-83
-41
24
37
-15
-60
13
-18
15
29
32
3
-2
23
-49
-7
-28
-26
23
2
-15
-53
33
-18
-24
11
10
-15
58
8
-50
-13
-20
25
12
-1
20
-40
40
-36
-5
19
19
-11
37
-10
-62
3
-90
2
-18
13
15
-54
35
-10
25
-2
9
7
9
1
-14
-3
-17
21
-22
16
2
-17
29
-4
14
-2
0
22
0
9
-10
5
-6
26
-6
15
-9
1
6
2
-28
-4
4
3
-5
39
-13
-23
24
20
15
1
-9
-12
22
11
-40
-20
3
-19
28
-1
-2
-53
25
65
-9
-5
22
8
59
-12
-10
-12
21
-29
40
-22
-25
-17
-27
37
-31
29
17
18
47
-47
7
45
-3
-24
4
69
-58
-30
-99
38
-18
31
-9
-56
26
-18
5
-11
47
-8
33
-36
-28
-17
-44
-5
-30
7
50
-39
0
32
2
-7
10
-2
5
-33
15
0
21
11
3
-12
24
-8
-27
19
19
7
11
17
-13
-28
43
18
18
8
14
-8
-10
9
-17
15
22
19
6
-1
-4
-31
52
33
-5
22
-8
0
-26
15
-22
-15
37
32
28
-3
-30
-11
38
3
-45
29
-9
11
-75
32
-18
6
13
-2
34
5
-17
-3
22
-8
-17
18
-5
4
-18
26
17
-15
-22
-6
-6
-13
22
47
-23
-39
-8
27
-8
6
28
-11
47
-23
-7
13
-38
-7
45
6
-51
-11
-23
36
-24
5
18
-26
47
-30
-15
24
-16
-39
55
-25
-57
-3
-23
1
10
9
-9
-46
35
-35
-52
11
8
-35
56
-34
-66
28
-14
-20
35
12
-31
-55
2
10
-20
2
1
-17
21
9
-9
3
10
1
22
16
9
-39
33
-29
-45
-14
-18
15
69
19
-45
-18
-26
16
25
14
27
-46
37
16
-30
-20
-2
-7
55
-10
-22
-28
-7
59
-15
-4
52
-14
-6
-2
-6
16
-10
5
25
28
-10
-6
-28
46
4
-13
7
-14
10
-6
-1
6
4
6
30
-1
-17
7
-13
23
-8
-8
11
-11
12
-4
43
11
16
5
0
-16
-15
6
-26
-5
5
9
-13
-2
5
-1
-20
5
35
-10
-5
33
-20
-17
-3
31
15
-4
-10
9
31
-14
-24
11
-8
-37
47
-10
-26
-19
-15
13
-4
1
15
-14
22
-3
-21
34
-3
-56
35
-29
-46
-7
-12
-9
-7
4
12
-47
29
-35
-37
21
-10
-24
27
48
-56
-18
-76
4
-16
36
43
-71
48
-24
-45
-16
-11
22
51
35
-66
-28
-61
33
-42
17
94
-64
42
-10
-16
-3
-25
-10
27
-14
-24
-16
8
23
-34
7
45
-12
38
-10
-35
-19
-22
-8
0
-8
-9
19
24
24
-23
13
-2
21
26
8
-40
-8
-16
-12
23
-42
16
33
23
21
-10
0
9
2
4
-10
7
28
-13
-21
11
-39
20
30
-32
-8
8
25
-30
-29
-15
-6
-16
13
13
-11
17
-19
1
14
-30
-28
7
8
6
-43
8
-18
7
14
-36
-2
6
35
-5
-23
-21
29
-32
-2
22
13
58
-38
-22
-8
-11
-12
36
-14
-29
-16
-10
66
-24
3
-10
-6
56
-26
-8
-2
-23
-26
48
-16
-19
-18
-20
57
-12
13
-11
-14
12
-11
-23
-24
-2
-6
55
-18
4
-21
-10
31
3
9
16
-9
15
7
-29
-28
-30
-2
38
9
1
-20
8
59
-19
6
32
5
19
-3
-22
-13
-21
10
47
-6
-12
-16
-4
48
-22
-6
40
15
12
2
-12
-1
-3
-4
15
1
-7
-12
-3
35
-17
-8
33
18
30
-23
-10
0
-24
-4
28
4
-14
-9
-12
46
-24
2
6
0
22
-11
-28
-12
-7
5
56
-23
-26
-2
11
24
9
-20
21
-14
15
-9
-6
4
-3
-13
50
-43
-27
7
-5
-3
20
-7
10
-25
26
-39
-47
17
30
-26
40
7
-73
-2
-53
-23
36
30
12
-77
27
-27
-29
5
9
-14
53
-8
-56
-7
-35
-23
4
1
44
-67
11
17
3
16
-16
-4
15
-14
-22
2
14
13
-27
-15
45
-11
16
-15
-3
6
-38
10
16
13
-16
-7
-10
35
-49
-2
48
18
27
-23
-21
-5
-32
8
39
10
-21
-21
-7
51
-30
0
42
3
25
-35
-18
4
-7
-10
26
-14
-43
-4
-10
5
-1
12
9
-29
27
-41
1
14
22
-12
0
-32
-32
-5
-28
18
-18
-5
-12
-23
45
-36
20
2
-25
2
-14
-20
1
-4
-15
43
-28
8
-30
-4
33
-24
27
5
-30
7
-25
-5
26
-5
-19
45
-23
24
-26
-11
-21
8
4
-16
-15
16
3
-3
35
-12
2
5
5
5
11
-1
-8
-9
3
5
-19
2
14
-12
14
10
-7
-17
2
6
23
1
21
-30
34
24
16
-16
-3
-54
-15
4
-19
-6
27
2
-48
-33
16
-34
24
8
9
-11
-1
-46
4
-6
-27
21
23
14
-52
-23
-9
-15
37
12
-10
1
-2
-18
30
-12
-41
4
-3
20
-26
-6
1
-6
5
-13
-15
9
11
-9
21
-5
-4
14
17
13
-6
3
12
-2
-2
4
-7
-17
18
-25
-11
6
-7
-14
6
23
7
-1
-8
-18
14
24
9
-22
4
-16
-18
12
-29
-32
26
27
-25
-19
-7
-22
23
10
25
0
-3
-8
-15
-7
-38
-15
19
12
-14
-28
18
-5
15
-4
-4
-10
16
-25
-7
-11
-15
15
12
15
-4
-20
54
-20
21
-4
-26
-20
33
-31
-12
-5
-15
24
-11
40
-14
-11
13
2
-21
-12
14
-6
35
24
-1
-35
-23
39
-18
37
37
-16
23
-4
-15
-22
-4
23
35
14
-15
-17
-19
24
-33
-5
75
-11
33
1
-27
3
-13
-3
25
0
-27
-11
16
46
-26
-15
47
7
20
-24
-20
-5
-3
0
28
-52
-31
18
13
-8
-3
0
15
-11
12
-29
-12
-2
8
-5
28
-52
-24
12
5
-13
31
2
-14
-32
8
-40
-16
5
7
1
14
-40
-40
18
-11
-36
50
14
-27
-55
-6
-32
-2
11
5
7
2
-12
-23
11
-31
-26
39
9
-23
-44
-11
-17
42
9
12
10
-34
-14
11
-3
-18
-1
20
-3
-39
-6
0
-23
34
-2
-3
10
-38
-1
28
-10
-17
26
-4
5
-42
9
0
-8
19
-20
-23
7
3
-8
25
-27
-10
18
-5
15
-5
9
3
-10
-14
7
-13
-7
20
-13
-3
8
-11
-14
8
15
14
-12
21
-31
-10
21
-8
-11
17
-14
-44
6
-25
-33
38
24
-26
-57
-1
-31
2
22
-4
-13
8
-24
-16
8
-30
-38
31
21
-27
-44
-14
-10
-6
6
-2
-4
25
-18
-8
1
-23
-39
39
12
4
-50
4
-16
5
12
-6
-2
26
-17
-20
5
-35
-24
24
26
-13
-29
-8
-6
-15
2
13
-10
33
-34
-11
4
-25
-32
22
13
-3
-15
-26
1
17
16
10
-8
-8
0
1
3
-21
-19
17
15
-17
0
-22
-12
-19
8
10
1
17
47
-33
-20
-36
-13
30
6
10
-39
20
-6
-21
1
7
-22
32
-4
-40
-16
-14
7
21
11
16
-43
22
-9
-26
-4
7
-27
28
-26
-15
-12
-18
22
-14
17
28
-12
-7
-6
-6
7
-16
3
-4
45
5
-43
-28
53
-45
13
22
13
41
-18
-4
-17
-24
15
10
9
-12
-23
2
56
-40
2
30
17
39
-27
-16
4
-14
-10
15
-21
-29
-9
2
19
4
11
9
-34
18
-40
-24
2
10
-11
24
-69
-37
23
-5
-33
47
13
-32
-54
0
-27
-7
-3
11
4
2
-50
-16
20
19
-20
54
2
-44
-30
-13
-16
3
-5
15
18
-15
-35
0
20
23
-13
49
-1
-44
-12
-19
-16
4
0
1
20
-10
-16
6
19
4
-18
49
1
-34
-18
-10
-25
1
6
-6
16
-8
4
-9
7
-21
-16
43
6
-24
-33
-11
-20
23
15
-1
3
-21
2
1
-6
-28
-10
19
5
-25
-25
-15
-4
10
-1
2
-12
7
-24
6
-14
-4
-15
18
0
-5
-19
-7
9
-9
14
0
-5
-16
15
-2
4
15
5
-11
15
-4
20
11
7
-38
8
6
-18
7
-4
-12
17
9
-4
18
12
-13
-12
-17
-4
-15
6
11
-6
16
-25
6
12
-9
-13
23
16
-14
-5
0
-17
-1
0
-5
4
31
-12
-35
-1
-22
-12
23
7
-4
-35
34
-22
-6
2
15
-8
12
7
-39
-14
-9
18
11
10
-18
-14
-7
-2
-17
0
28
-10
24
4
-15
-12
-24
-9
12
7
6
0
-19
11
20
3
13
1
-18
8
7
-5
22
2
5
0
-19
27
-7
-6
-5
10
-4
-3
3
35
-18
-14
-2
5
6
-1
9
-1
6
5
-20
18
0
-26
22
-20
-22
-3
-1
13
13
-10
17
-28
-7
1
-14
12
7
-17
12
-41
-8
21
16
-19
13
-3
4
-7
-24
-4
6
1
-5
8
-3
2
11
6
7
1
3
4
-4
16
-1
-20
-3
-5
-5
6
4
-8
-4
3
11
11
19
0
-18
2
15
-32
1
-5
5
2
-1
-37
-17
7
18
-7
37
12
-36
-20
1
-28
-1
-2
13
8
-2
-40
-15
15
16
-12
50
4
-50
-22
-17
-13
8
-5
11
23
-19
-25
9
18
26
-8
46
-2
-47
-2
-22
-11
9
-8
8
29
-24
-21
14
15
31
-6
44
-7
-44
6
-24
-8
11
-8
10
31
-27
-20
17
18
32
-8
44
-4
-42
8
-19
-15
12
-1
2
25
-22
-7
10
15
14
-14
43
3
-36
-4
-18
-18
5
10
1
13
-20
5
3
3
-2
-8
34
1
-27
-24
-22
0
-2
-2
4
-3
11
-15
-5
-7
-7
-20
25
-7
4
-28
-1
-7
-1
10
-25
-22
25
7
-14
-9
-8
1
4
2
-5
-4
-3
7
-34
4
8
-31
35
18
-5
-10
11
15
29
-13
-4
-8
-17
1
-12
10
3
-12
19
5
-3
7
-2
12
6
2
-27
11
-30
27
5
6
18
-12
2
2
3
15
2
-19
21
-2
-12
4
-17
2
3
6
-18
9
-7
29
13
-5
-7
2
16
7
-10
8
-32
15
-14
2
-3
1
10
30
12
-9
-10
6
22
-8
0
0
-17
17
21
16
1
-8
1
-11
6
7
8
-4
7
-5
-11
14
-20
-5
-1
23
-8
-1
-13
41
-10
1
-8
4
10
0
-18
11
-6
11
-20
2
5
-10
11
2
4
19
9
2
8
10
3
18
-19
5
-15
-10
25
12
1
-35
7
38
31
-23
44
6
-16
3
-24
0
0
-10
15
22
-6
-20
13
31
24
-22
53
4
-26
0
-7
-15
1
-1
9
13
-4
-27
-3
20
18
-14
52
1
-37
-16
-10
-19
7
-2
10
17
-9
-33
-3
16
16
-14
49
0
-43
-17
-18
-12
14
-4
13
24
-21
-26
9
17
23
-10
48
-3
-46
-2
-22
-9
11
-6
11
31
-22
-17
12
19
25
-7
47
-5
-44
3
-26
-7
13
-5
13
33
-28
-15
15
17
27
-8
47
-5
-43
5
-24
-6
11
-7
15
33
-26
-17
15
20
31
-5
47
-6
-43
7
-22
-7
13
-4
17
31
-28
-12
11
20
22
-8
46
-2
-40
6
-21
-14
11
7
12
24
-30
6
4
9
12
-6
33
-1
-37
-9
-22
-1
7
-6
8
8
-1
-10
4
-1
11
-15
22
-6
-5
-11
5
2
-26
8
-4
-15
38
-5
-25
-1
-31
-10
1
7
18
-30
-2
-10
-32
9
14
-20
43
-13
-28
-14
-39
5
4
-3
7
-17
5
-7
-11
8
6
-32
53
-27
-23
-5
-39
-1
3
3
-9
-21
-28
16
-3
-1
17
-11
34
-22
-4
7
3
-18
35
-19
2
-10
-21
17
5
0
9
3
17
-5
-1
8
16
-8
19
-7
-10
12
-13
8
-19
-4
-14
5
19
37
2
3
5
3
19
1
5
-1
-15
11
-15
-6
2
2
36
-8
9
10
4
-2
18
-7
4
12
-22
-12
-7
16
-2
-4
5
29
-11
-1
-10
8
11
3
-29
9
-13
-1
-15
2
8
-3
25
11
-1
2
-18
5
7
-6
0
1
-11
-4
5
-6
4
15
10
-39
1
13
6
-21
30
12
-15
-6
-12
-6
-2
-6
8
20
-2
-19
-1
22
22
-18
47
4
-39
-8
-13
-8
3
-6
8
27
-12
-14
4
18
24
-10
42
1
-42
2
-19
-7
4
-5
6
30
-14
-8
10
14
21
-6
41
-5
-41
5
-20
-6
4
-5
8
29
-17
-8
10
14
23
-5
40
-4
-42
7
-19
-8
6
-6
5
33
-18
-5
9
13
23
-6
40
-3
-41
6
-18
-7
3
-5
8
30
-18
-8
9
14
23
-4
43
-5
-43
6
-18
-9
3
-5
6
29
-17
-6
10
12
23
-2
40
-5
-44
7
-16
-11
7
-2
9
26
-22
0
6
8
17
1
37
-1
-46
9
-14
-17
7
6
7
19
-28
20
-1
-2
5
2
29
2
-43
-3
-15
-9
4
-3
16
9
-6
6
-7
-5
4
-13
25
3
-13
-8
3
18
-36
-7
-2
-20
47
2
10
0
-2
14
8
8
30
-8
-8
-9
-15
28
-12
-27
-5
15
7
15
-20
-15
-1
25
-16
-14
10
9
-27
-8
12
-19
9
-44
6
19
8
-26
10
20
6
-23
-10
10
0
2
2
5
-12
-39
5
24
17
-26
24
6
-7
-16
-29
24
9
-3
22
14
-15
-21
18
26
17
-22
39
-3
-13
-4
-29
40
-29
-5
26
-11
6
10
36
6
32
-9
29
2
19
-3
-14
16
-10
2
-4
5
7
-3
31
24
6
-17
18
5
1
8
-25
23
2
17
8
-5
-24
-5
23
26
4
-14
15
10
-7
-8
-14
19
-18
8
17
-10
-6
-12
19
24
0
-15
18
11
-9
-11
-14
14
-9
-6
9
16
-23
-17
20
30
20
-15
23
21
-17
5
-22
24
-19
-11
12
21
-22
-11
29
35
33
-15
31
15
-16
11
-25
24
-17
-12
12
25
-27
-12
34
36
35
-13
28
13
-16
17
-26
26
-17
-12
9
25
-28
-6
37
37
37
-11
26
13
-13
18
-25
24
-15
-10
7
25
-28
-7
36
37
33
-12
26
13
-15
16
-27
26
-17
-13
10
27
-29
-7
38
36
38
-13
27
12
-13
18
-24
24
-18
-13
8
27
-30
-9
38
38
37
-11
25
13
-15
20
-28
25
-16
-12
8
28
-33
-7
40
37
38
-12
25
13
-15
20
-32
26
-16
-12
9
27
-36
-5
41
33
39
-13
23
10
-16
23
-37
24
-8
-4
6
14
-36
12
41
26
20
-8
19
14
-17
18
-29
19
-20
-10
11
9
-13
11
19
7
22
-19
24
7
1
7
