-16
17
41
-21
45
29
-30
-33
-6
-2
-13
-19
-8
0
-8
10
-34
15
56
-27
38
22
-26
-9
11
-4
-36
-12
-9
-10
3
26
-15
9
23
-7
20
11
-23
-18
-21
14
-28
-14
-9
-29
-16
-2
-27
12
30
-13
37
20
-21
-40
-26
27
-32
-25
-15
-33
-25
1
-17
10
13
-9
13
-11
-16
-28
-2
7
-20
-11
2
-26
-14
-9
-13
-10
-13
-11
4
-19
10
-29
-4
17
-25
-10
-15
-21
-26
-5
-27
-1
4
-22
3
-18
-10
-31
14
3
-24
-6
33
5
-28
-19
-23
-15
7
-10
-20
-22
-41
-51
22
-9
-35
-10
-12
19
-21
4
-12
-11
14
-41
8
-7
4
-12
25
7
-11
9
23
14
-5
-7
-4
-12
11
-31
-11
-24
25
-22
26
-3
-17
17
13
14
-13
6
-12
-32
29
-8
-41
22
-46
-19
9
-22
-57
-11
-34
39
-8
17
-49
13
40
-60
23
4
-12
-9
64
24
-14
23
0
11
20
40
1
-16
27
-20
1
-16
22
1
1
-17
-29
-3
3
-3
-5
-9
-12
-20
41
-9
24
33
-22
-2
-43
-16
-56
-31
-30
-1
-18
0
-11
-1
22
-6
29
14
-7
17
-22
-17
-10
-12
-22
-31
7
6
34
7
-6
8
10
-15
-11
0
-23
-37
21
-22
-22
-37
30
-27
22
-2
8
-18
17
24
14
-25
-34
0
-3
-35
-9
-25
-8
-22
16
-9
-4
-6
-1
-9
-8
-3
-12
-26
-1
-18
12
-10
-6
-25
-3
-14
3
-35
20
14
16
-7
-27
2
-20
-6
34
2
-50
-17
-11
-6
5
1
22
1
-20
-16
-26
-23
-5
-32
1
-23
-20
-23
-28
12
24
-24
27
5
24
-24
15
-1
3
-2
3
-3
-23
12
-23
-19
6
-13
-20
-25
12
3
16
-14
-12
-3
4
-18
1
5
-10
-4
-23
-1
-5
-21
24
-25
-15
47
5
-2
12
-43
-26
-16
-15
-12
-2
-6
5
-1
14
-34
-38
34
-19
-22
-12
-43
-28
-17
-11
-7
-34
-5
-5
-33
22
-39
8
18
10
-21
14
-33
-22
-32
-1
-26
-37
-14
-24
-9
21
-39
-2
17
-28
-11
-22
-2
-42
-7
-11
-9
-22
-19
-29
6
-8
-22
35
20
-12
8
24
24
-29
-6
-10
-39
24
8
-74
37
-25
-34
27
15
-65
-10
-40
29
-8
12
-35
-31
14
-57
-8
1
24
5
32
0
-33
11
20
40
-1
-1
-2
-26
8
-36
-27
-11
45
-1
28
-10
-23
33
0
40
-10
27
-28
-23
44
-20
-25
37
-42
-17
5
-14
-60
-28
-18
25
-15
13
-33
3
60
-52
5
12
-14
10
29
-7
-34
17
-17
1
33
30
4
-19
1
-33
-14
-39
30
25
12
-25
0
26
3
-17
9
3
-37
-14
10
-12
24
-2
10
5
-16
-18
-12
-3
-30
-18
-18
16
-17
-18
-7
11
3
-30
17
20
-8
-31
11
-6
-33
-31
15
0
30
-3
-35
-1
-11
-20
44
2
-11
-13
61
0
11
-19
8
-30
18
1
-29
-16
1
-13
25
-13
-3
-9
50
-6
-4
-33
-1
-11
23
-23
-54
-12
-31
-35
25
7
0
-22
24
3
9
-26
-1
-25
-3
-23
-30
-41
24
-5
28
-20
-19
-15
2
-20
33
5
-33
-18
-7
-9
-19
-8
7
-8
2
-1
0
-35
9
-4
-5
-10
-18
-1
-15
2
-1
-18
5
-15
22
-20
16
-10
24
-4
6
-13
-12
-3
-17
-24
-8
-10
-28
-16
27
-11
43
9
-17
-11
10
-7
-15
-3
-19
-14
-30
-11
7
-2
12
-48
-13
27
-10
-40
4
-14
-22
-25
-26
-7
-34
-11
2
1
25
-45
3
32
3
-25
16
-16
-36
-20
-12
3
-50
-6
-1
8
23
-46
26
39
7
-29
-10
-19
-25
-13
8
-3
-27
-4
-21
24
15
-40
4
43
-3
-13
-14
-6
-25
-11
8
-7
-26
-29
-4
-10
-4
-35
-16
22
9
-9
-14
-21
-4
-10
-27
0
33
-14
8
-1
-22
-18
10
9
-31
-7
0
19
-3
-1
-36
-17
39
-44
27
6
-1
44
-10
-10
-38
11
33
25
-5
-15
4
-14
13
-12
-14
-17
13
-2
0
-1
-18
7
-2
-10
-13
-7
-9
-22
26
-28
-1
14
6
4
-8
12
-36
-18
18
-2
-37
-15
2
3
36
-34
-2
3
-1
19
27
-3
7
19
14
-24
12
4
-11
-14
8
-4
-18
-2
-18
41
17
-9
-1
4
7
-21
14
-8
-14
-26
-26
13
-20
-8
-15
42
-17
-28
14
-2
-61
-57
10
-4
17
-28
-36
34
-21
-24
-8
37
-25
-36
42
-26
-47
-61
25
-38
31
13
-48
19
4
-35
0
0
-11
0
73
-11
4
-38
15
-50
17
-3
-36
4
-5
-21
-6
-21
-27
-4
39
-25
-11
-25
8
-29
16
-17
-33
-2
-29
-15
1
-12
-13
-7
11
-18
-2
-17
15
-31
13
-29
-14
4
-15
-5
-8
-19
-40
-23
-21
-47
-11
-11
4
-49
8
-7
-28
4
-4
-22
-9
-19
-3
-21
15
-19
-1
-14
-9
-28
9
0
-16
-17
-1
-12
28
-39
-16
-8
31
-16
-28
-28
2
-10
-18
-7
24
-22
-23
-18
9
-37
17
-11
-31
1
-32
9
-6
10
-17
-28
-2
-13
-35
-10
-15
-27
-5
-17
-46
-13
-23
30
-16
-5
-24
-11
-17
-8
-20
6
14
-41
15
21
-28
-8
-35
5
-26
13
-7
-3
-29
7
-16
18
-4
-29
1
33
-2
-10
-41
-4
-19
9
16
-7
-11
-4
3
1
4
-22
-56
8
-6
-13
-1
2
-36
-30
29
0
-7
5
-11
-16
0
9
-35
-10
10
-6
-10
-16
-7
-34
-22
-38
3
8
-24
-19
-25
53
-27
-20
-42
-16
-9
-12
-15
-28
-20
2
6
-14
18
-23
-2
46
1
-10
14
13
8
-14
11
-12
12
-12
-23
-5
-3
-22
31
14
-13
-6
12
7
-6
-31
-21
-13
7
-34
6
-9
5
-20
14
5
-55
-13
-29
-40
3
-43
-41
-50
25
-5
1
-36
16
-13
49
31
-24
5
28
31
33
-26
-19
-7
7
-11
10
10
1
-19
-21
30
-38
-9
-1
-4
-4
-21
3
-11
-16
-43
12
13
-8
9
-68
48
-62
-41
-26
-23
-68
-13
16
-4
14
-30
-18
19
-19
-16
-37
48
-49
-47
40
-4
-45
-38
41
-21
40
-2
-49
20
-23
-54
18
9
-38
-30
72
6
0
-37
25
-52
41
-31
-50
12
-27
-44
17
-6
-72
-22
32
-16
-20
-24
6
-44
24
-29
-29
3
6
-36
-15
6
-69
-20
23
-28
-14
-33
21
-49
14
-16
-5
1
14
-17
-17
17
-54
-27
0
-17
2
-21
3
-45
19
-14
-27
10
-12
-18
-24
-10
-31
-33
14
-19
1
-17
-8
-36
-12
-16
-5
-7
-19
-1
6
-46
-18
-15
-17
-18
-30
11
-33
4
10
-6
-16
-35
-34
-30
17
-9
15
-21
7
27
-9
8
-15
5
0
-16
-42
-36
-33
-32
25
-16
13
3
6
27
-46
-1
9
21
-15
-20
-19
-4
-42
0
-28
-15
0
2
-11
21
-39
34
-4
18
-10
-33
22
-9
-17
10
-18
-18
-31
-26
-34
0
-27
52
-9
13
24
-19
-7
1
-26
-57
38
19
-6
-43
13
30
-15
15
20
4
21
-15
-26
2
-34
-79
31
20
0
-17
24
21
-10
-12
17
-17
-16
-38
38
22
-35
-12
-28
29
-40
-34
-56
-21
-66
11
2
1
-2
4
-12
11
-2
-41
14
25
-1
-24
40
15
2
-9
12
-4
-4
1
-13
7
-8
-12
14
10
-5
-13
17
0
-1
-18
-18
1
21
-39
-20
-2
-12
-25
18
-8
-59
-24
-17
-31
-8
-24
-23
-39
31
-5
-36
-15
-13
-47
30
9
-17
-17
40
29
26
-13
-9
-20
19
-16
-1
-6
-6
-2
3
40
-28
-5
17
24
20
17
-24
-6
-7
-21
62
3
17
29
-58
53
-50
-48
-46
-12
-34
34
12
9
-25
-12
34
-5
13
-13
-45
57
-1
-44
-16
0
-37
0
37
6
11
-12
-23
2
4
-29
5
21
-16
-37
33
-26
12
-28
24
-38
8
-9
25
-13
2
18
-6
-2
-32
-48
-33
-12
-35
25
11
11
-12
-2
-4
-2
13
-2
-24
21
-3
-30
2
-11
-3
-5
18
-2
-9
-4
-25
-21
11
6
13
32
3
-11
21
14
59
6
-16
-11
6
-12
-36
-12
1
-13
-7
-16
-10
-34
11
-18
10
-1
-19
-15
-17
3
-9
-26
8
-5
23
-51
1
8
-1
3
16
10
-37
7
-33
-4
3
-24
-7
-9
2
-10
9
6
-12
7
26
12
-25
2
-8
-4
-15
-31
-6
0
2
-23
-14
18
9
-12
16
-20
-16
-33
-12
-41
36
-28
-3
69
-34
13
-40
-15
-47
-23
19
66
5
-21
-1
-14
34
-15
20
-10
-12
56
12
-56
2
21
1
53
52
7
4
15
62
-25
13
-12
24
46
19
-53
-8
50
-4
58
51
39
3
-31
21
-6
-2
4
-24
14
-50
-27
-36
-26
-31
27
0
-11
-31
-5
72
9
24
-3
-31
39
-28
-45
-50
-6
-15
37
0
8
-25
3
8
-18
16
-40
21
29
-4
-24
20
31
-10
19
26
30
-24
2
-10
17
-13
-37
5
15
-7
-25
16
4
-9
-13
-8
9
16
0
-52
15
-13
-31
-14
-7
-17
-9
30
-10
9
-7
-1
-28
14
-2
-49
-10
-6
8
37
10
-5
-3
25
23
4
13
-32
0
33
-21
-4
-25
-18
17
30
53
-1
-27
14
46
4
58
-14
27
11
11
43
-10
16
-11
-3
54
23
-24
14
30
-10
6
42
15
-41
4
84
-18
20
52
-63
65
47
-50
-49
3
-27
63
47
44
-26
6
0
28
-1
-9
-42
53
50
-45
41
-21
-41
-39
63
6
17
28
6
9
8
-7
-5
18
2
-24
25
7
-30
-16
60
0
12
11
6
8
-6
29
-33
21
-1
-20
18
-11
-36
3
63
3
17
-24
-5
-2
-30
61
-22
53
-22
-29
-2
-2
12
29
32
-13
21
5
10
-5
-12
46
-18
-3
-2
-20
-13
-5
-7
18
16
1
-15
6
12
-33
3
10
20
-25
-7
-5
-8
8
12
8
-22
7
-42
3
36
-27
10
11
-17
-20
-3
-12
-38
-20
5
10
-14
9
-17
-27
30
15
12
33
-38
4
-60
-37
-37
-68
-47
-9
-6
-31
28
-10
27
20
3
-31
-21
12
-14
-59
-10
-27
-67
-8
46
-22
60
26
-16
-14
-3
-57
43
24
41
-41
72
30
-9
-7
51
-19
9
11
7
-8
-26
-16
5
21
19
-33
12
17
13
8
-27
-7
30
-47
-15
-7
-30
-30
-9
33
-80
-48
-8
-5
-56
-25
-9
-9
-29
9
1
11
-13
-75
-29
39
10
-20
9
24
4
-15
2
-14
-33
3
42
-7
2
7
-41
19
4
-36
-21
-3
-23
36
16
22
5
13
4
4
-15
7
-32
17
17
-26
17
10
6
28
22
5
9
0
-19
13
-26
6
-63
-12
-17
-7
-7
-2
-17
37
20
-12
9
-2
-15
27
-44
-5
-20
-16
11
18
18
19
-36
25
28
4
38
-29
31
8
-21
6
18
27
-66
-52
-32
-8
-66
33
26
-9
36
24
30
-19
8
6
62
63
12
-2
39
50
3
19
30
6
-46
-3
41
13
-17
17
-28
57
21
-20
-31
4
-26
9
8
32
-76
-9
35
8
-36
15
-41
49
40
-21
-45
19
-90
0
27
76
-6
16
-23
0
-17
-28
1
15
0
6
31
26
-48
-42
47
22
13
11
-21
20
6
-15
5
28
-49
22
61
16
-46
-54
43
0
24
2
-20
28
5
8
-22
57
-55
-3
55
11
-26
-24
44
-22
9
10
23
-3
5
20
-18
7
-13
-28
-6
6
-28
6
18
13
-13
-5
10
-14
-13
2
1
7
-9
-28
-18
12
-8
1
-23
11
-15
-5
52
2
-8
41
-23
5
-8
-27
-46
-13
-32
10
-9
21
17
-19
14
26
-17
1
4
40
-17
-30
17
11
-49
-36
3
3
60
5
-23
26
-42
-46
27
31
45
-56
76
31
-40
-16
38
-4
53
6
-19
0
-34
-22
32
13
23
-49
71
4
-28
-9
27
-14
49
-3
-25
25
-40
13
3
18
3
-43
66
2
-16
12
4
-5
31
-9
-5
33
-64
-9
-11
12
-30
-38
4
10
-65
6
7
15
-5
9
-2
-15
4
-54
12
24
-15
-22
35
22
-33
-27
37
16
-9
11
22
16
-6
-35
-15
20
-19
-30
27
11
-31
-17
10
15
24
25
-2
35
2
-32
-9
36
1
9
52
31
0
-13
12
-19
11
33
40
18
28
36
-40
-12
-36
6
5
-9
-19
29
18
-5
-21
-8
55
-2
12
15
-9
-14
-46
-23
-48
-7
-76
33
-2
46
14
-13
26
0
-24
-21
29
34
-32
-41
0
26
-63
3
20
19
32
32
-4
-16
-2
-46
35
41
2
-10
69
71
-10
-17
18
13
-23
-8
24
24
-24
34
-16
44
-19
12
-29
36
-64
-1
-31
55
-34
-5
37
16
-46
27
-53
25
-5
3
-43
5
-57
-19
-2
23
-19
9
53
7
-3
3
-18
10
0
2
-25
5
-18
-37
-5
2
-12
-10
56
17
-4
50
-3
35
-56
14
-53
16
-64
-25
-18
31
14
-8
-8
-13
15
12
24
26
-56
2
28
18
-9
-27
-3
2
18
-5
-21
1
-13
-5
14
8
-20
-21
32
10
-5
-10
-4
0
-11
14
10
-20
27
-1
16
-6
-13
22
15
20
3
-23
-22
15
-7
10
75
10
45
11
-31
43
-44
-45
-24
11
-44
-10
6
24
25
-8
50
7
11
8
17
62
-37
-47
-1
32
-52
-7
28
29
47
3
0
16
-37
-13
48
51
-4
-27
42
49
-24
-7
29
18
34
-9
-6
20
-41
9
24
5
-43
-20
29
-1
-50
-10
26
9
20
5
-21
32
-16
-19
3
12
-53
2
49
10
-26
-35
8
-14
45
-10
9
18
-13
-22
21
24
-67
-6
-2
7
-17
-12
14
-36
-13
8
52
-15
31
13
9
19
-23
-17
-22
13
6
21
-9
19
-3
-2
-5
-10
6
-10
23
23
-18
-23
13
24
-28
-9
-15
23
4
-9
9
-4
-4
-2
25
49
-22
-28
3
21
-14
-2
-31
-4
22
40
-1
-29
24
-27
40
15
16
-16
65
41
17
-18
-16
-9
-10
-11
9
-6
-4
13
5
27
-14
-28
-8
6
-27
10
-9
20
-44
17
34
13
9
5
-31
21
4
-16
10
7
-51
-14
2
30
18
42
8
12
17
-18
-4
-3
-8
23
64
32
-27
-29
15
12
8
26
51
8
38
20
-21
-9
-43
23
2
10
-51
-26
-2
33
23
12
44
17
32
-33
-13
53
-31
8
-8
26
-45
-65
21
5
7
8
50
9
7
-21
4
63
-14
5
-19
50
-9
-31
-4
16
-24
-2
74
-10
21
3
-7
51
-51
-29
-50
41
-30
17
4
48
-20
-9
23
2
-1
4
32
29
-46
-9
-7
29
-17
11
7
32
-1
-9
-35
9
-21
6
27
-3
-22
3
26
9
4
-2
-12
8
-10
-9
16
-7
38
3
-5
-13
-51
17
-19
-19
-12
-30
-23
-10
-7
-1
48
29
29
-14
1
58
-43
11
-17
29
-51
-47
3
25
32
-17
38
22
22
-9
-1
67
-79
-21
2
11
-48
-41
23
-3
39
3
11
10
-6
-23
28
24
-29
-1
38
32
-14
-13
16
12
20
2
39
8
17
11
-21
-12
-47
4
-7
4
-15
13
-3
14
-6
-13
55
7
26
-4
-30
6
-49
-5
-41
11
-57
3
6
29
34
-24
21
-13
-1
-23
23
50
-48
-16
-16
30
-23
-16
7
-7
3
8
27
-5
17
-3
6
16
-12
-3
2
31
8
8
-13
11
-18
3
55
5
11
17
-28
2
-3
-42
-5
6
-48
23
9
40
-2
11
49
-24
5
-4
7
28
14
-55
14
37
-18
30
9
33
31
35
11
-22
7
8
53
36
27
-21
61
51
-3
-9
27
23
6
-11
-22
1
-23
18
59
18
-17
12
4
21
-25
8
-10
34
-15
1
4
32
6
18
-18
-6
-52
24
-16
-31
-82
-53
-4
8
9
19
36
25
29
-18
-23
-4
-41
14
-8
1
-37
-46
10
1
28
26
32
20
32
-22
5
-5
-23
28
2
22
-48
-44
26
15
53
2
-6
21
-5
-35
23
19
-38
16
27
16
-38
-57
40
-13
40
-1
-16
15
-14
-36
31
18
-44
29
35
18
-28
-59
30
-8
9
-5
37
4
-5
12
3
41
-53
15
-23
31
-19
-5
9
27
-16
18
47
7
31
35
-30
33
-51
5
-18
20
12
15
-4
19
-13
17
36
-8
24
18
-22
-17
-28
-11
-10
7
6
17
5
21
-21
-12
23
-11
23
-4
-1
-31
-36
-2
-30
-11
-11
-13
-30
2
-5
-5
10
11
19
-30
15
-8
-19
25
6
11
-38
-46
-13
8
26
1
7
5
27
-7
11
3
-33
21
30
-3
6
-41
-23
-31
33
-1
7
7
1
-2
20
-11
-38
10
10
11
-24
-14
-18
-2
8
18
41
-13
38
40
-7
11
-3
-3
-2
16
8
28
-20
21
-1
18
45
-12
22
-1
-5
-10
18
-29
-13
29
-45
23
10
54
-2
0
27
-32
16
0
5
8
-5
-19
-7
24
-4
21
-7
23
-1
24
15
-12
40
5
20
-23
-21
25
21
25
-7
-5
-26
24
-14
19
70
32
30
36
-34
-13
-17
-14
-32
-17
-96
-7
-1
52
15
26
44
-2
12
-11
-4
24
-19
-28
8
34
-50
0
22
20
36
21
1
-10
-1
-14
47
8
-39
2
46
48
-25
-11
26
19
-8
14
30
16
-2
13
7
-19
-54
25
-18
6
-29
-4
-7
21
3
13
38
23
22
7
-9
-9
-54
18
-26
5
-55
-29
4
19
15
24
23
25
9
-21
10
-4
-6
20
10
16
-42
-46
35
15
25
19
-17
28
-6
-43
31
-21
-13
33
40
8
-27
-45
43
-2
21
9
-31
31
-22
-27
40
-35
-30
43
42
-14
-14
-45
32
-16
23
5
-26
11
-10
-9
38
-41
-55
48
33
-14
-14
-39
17
-10
14
1
4
6
-8
15
14
-17
-66
40
6
-3
-17
-30
2
4
-10
17
32
-6
20
35
-3
2
-40
43
-8
17
20
-11
-26
13
-15
9
31
-6
23
19
-46
-18
-24
-12
-27
-7
7
9
-25
8
-4
-20
8
-7
-11
-10
-6
-21
-16
-16
-28
-5
-12
3
-24
-5
11
-18
1
16
-21
-22
4
-19
3
0
19
3
-39
-13
2
2
-3
-15
6
4
-11
-13
7
-20
12
3
24
-7
-15
-9
-3
-2
18
5
7
-19
30
2
24
-43
-18
-20
18
-4
-7
8
-11
17
8
25
-1
-9
7
-3
11
-23
31
5
17
14
-16
-3
0
20
9
7
-11
15
-15
-5
-3
-31
11
-9
4
-18
-41
-10
16
5
-9
0
-2
-15
-9
12
-23
-34
4
-8
-22
-21
-39
21
3
12
-8
12
23
-13
22
25
8
-33
-19
22
-23
12
-35
9
-26
32
-5
7
37
19
20
24
-17
-29
-24
4
-28
-14
-77
-23
-12
33
15
16
1
1
9
-27
22
-16
-16
16
17
-3
-54
-58
22
4
23
22
-1
-1
21
-9
27
-24
-50
39
25
11
-31
-39
18
10
-3
34
33
18
30
0
-13
-15
-31
37
-11
27
-42
-12
11
36
4
29
31
21
18
-9
3
-6
-8
24
1
29
-48
-23
33
38
16
21
-11
30
-4
-30
23
-15
-13
35
35
10
-27
-42
38
4
13
13
-31
29
-14
-23
30
-42
-35
47
39
-16
-3
-40
24
-19
-11
18
-24
20
-6
0
22
-46
-35
58
23
-14
6
-27
14
-6
-12
18
-18
17
-6
5
23
-50
-37
59
15
-14
1
-23
13
-1
-1
13
-12
0
-2
11
32
-38
-44
55
16
-3
-4
-24
8
8
-12
5
2
-14
5
20
19
-33
-33
39
0
-9
17
-18
-17
2
-14
-8
-2
-10
0
6
-3
-28
-26
2
-18
-10
12
-3
-33
0
3
-26
-3
-32
-1
-7
10
-17
-26
-6
-26
7
34
23
-48
-18
-9
11
61
-31
13
7
-3
-32
10
-5
-34
26
-29
23
0
38
-35
-21
24
-15
8
1
-56
10
11
-47
-5
-22
-29
20
28
12
-7
-14
12
11
-2
-28
-7
1
3
-36
14
8
-72
2
38
32
25
3
-23
-2
-6
-5
-7
-11
-15
-20
22
-4
-5
3
-4
-18
-1
-8
-27
6
-20
-1
4
-38
-14
4
-7
-20
-38
-13
-18
-3
-11
-16
-3
5
-19
13
-34
-31
-19
-4
-29
-34
-49
-5
-6
-3
-12
12
27
-13
14
9
-1
-30
-11
22
-23
13
-12
-1
-25
15
-12
0
22
13
5
9
-17
-32
-16
23
-13
-8
-34
-29
-20
10
-1
0
-5
13
-2
-18
9
-17
-25
23
11
-8
-33
-52
15
-3
-3
13
-15
16
2
-14
20
-45
-40
51
14
-10
-22
-42
6
-1
0
17
-2
20
4
-5
14
-38
-37
44
13
-2
-23
-27
12
7
2
15
-14
26
-7
-20
24
-30
-26
40
25
0
-20
-33
25
3
2
13
-29
29
-13
-15
23
-36
-35
48
32
-16
-6
-39
19
-16
-8
16
-29
23
-10
0
17
-47
-39
55
25
-20
2
-31
14
-14
-21
20
-23
16
-8
10
14
-47
-30
61
13
-18
7
-25
12
-6
-20
19
-23
18
-12
9
16
-47
-29
60
12
-17
6
-22
12
-5
-7
5
-20
8
-15
12
27
-43
-49
50
7
-21
-5
-24
10
-9
-10
-2
-19
-9
-4
13
22
-31
-44
34
8
-20
19
-19
-6
-20
-12
-3
-13
-7
-7
9
-1
-32
-22
8
-9
-18
17
-2
-21
-10
1
-16
-6
-17
-13
11
-13
-16
-6
-2
-3
1
17
19
-31
-9
-14
10
33
-25
7
29
-5
3
19
9
-8
13
26
14
-16
3
-33
11
31
-29
35
39
-37
5
-5
-31
-13
-14
-6
18
5
20
-39
14
23
-14
17
-11
-14
6
12
-15
-13
7
-37
-23
20
25
6
3
-25
-22
-5
-2
4
-18
-15
-1
9
5
32
-4
-16
-23
-19
2
-8
-19
13
9
-8
-39
-7
8
-18
-5
1
4
-31
11
-28
-5
4
3
3
8
-29
-27
1
10
-27
-12
-43
-13
-24
26
2
12
4
-23
33
0
6
-9
-25
17
12
13
16
-22
-26
-6
-18
11
32
-10
29
23
-3
-25
-29
15
-15
9
-16
-2
-22
27
-43
2
8
-6
2
13
-3
-16
-12
14
-14
-1
-16
-8
-3
27
-2
5
-36
19
-14
-9
14
-42
-34
33
29
-20
-7
-34
8
-16
-10
8
-39
17
-10
-4
7
-41
-32
46
26
-22
4
-29
5
-19
-11
10
-44
18
-10
-1
6
-40
-29
52
28
-23
5
-32
3
-23
-16
13
-44
17
-9
1
0
-40
-25
53
28
-23
11
-31
4
-24
-21
15
-38
10
-5
9
-1
-42
-24
53
21
-21
17
-23
3
-18
-24
14
-38
11
-7
7
-1
-41
-22
55
21
-21
16
-25
3
-18
-23
14
-35
7
-6
10
4
-44
-25
55
19
-18
17
-18
1
-14
-16
7
-33
2
-11
7
9
-43
-36
48
19
-18
14
-20
-2
-17
-15
9
-26
-5
4
17
-2
-28
-33
38
18
-18
20
-15
-2
-22
-13
2
-23
0
-3
4
-10
-35
-28
14
8
-23
21
-8
-16
-25
2
2
11
-41
17
0
19
-19
-13
-17
-19
22
-30
-2
-23
27
-13
15
3
-37
19
4
11
13
35
-9
25
9
46
4
-11
-2
-8
4
7
-14
9
-13
-1
6
3
-16
12
8
1
-17
-5
-2
-37
3
0
-14
4
3
-39
-5
7
-22
-8
-28
18
1
7
-10
-2
10
-44
-13
-3
-13
-12
-6
1
4
22
-3
41
-16
-9
-33
-11
19
-27
-21
1
-1
-16
-35
6
6
2
2
0
-7
-18
-2
-37
1
5
-20
9
16
-16
-38
1
-9
-18
-24
14
7
-26
9
-16
16
-5
-24
18
-4
4
1
8
5
22
8
28
-22
-6
-7
-25
12
5
-9
21
9
-8
-13
-8
7
14
-3
20
-13
-19
-5
-33
14
5
0
14
15
-42
-6
4
-11
5
-21
-1
-4
9
-1
-20
20
-24
13
10
11
-27
-24
-6
17
27
-27
8
-25
0
-23
-23
20
-30
7
11
16
-24
-29
-9
23
28
-31
22
-22
-5
-29
-27
19
-29
6
11
19
-27
-32
-11
26
24
-31
23
-20
-8
-27
-31
23
-26
5
13
24
-29
-27
-4
29
23
-27
22
-18
-7
-22
-30
22
-28
5
12
22
-28
-28
-4
29
23
-28
21
-18
-7
-22
-31
21
-27
6
11
23
-27
-28
-5
31
22
-28
21
-19
-6
-22
-29
22
-26
4
11
25
-26
-29
-7
30
24
-26
22
-16
-7
-21
-24
22
-28
4
7
23
-29
-26
-9
26
23
-21
13
-12
-4
-18
-21
28
-23
-19
24
22
-10
-22
-3
32
31
-4
25
-11
-12
-9
-21
9
-15
-9
8
5
-23
-31
-13
0
4
-18
14
0
-18
-16
