-29
6
-21
-2
25
-5
-4
-17
32
11
8
16
30
19
-8
2
39
38
45
27
6
-5
-47
-22
25
-3
21
-7
-10
29
2
5
-20
-6
-24
-1
-15
-33
24
28
-3
-5
-6
-11
32
-20
-11
-14
-10
11
-4
12
6
14
12
-28
30
18
41
28
-9
-23
-23
4
37
11
11
2
10
23
24
3
11
-15
-15
-4
-17
-27
16
-10
-5
-3
-24
-17
-3
5
-18
-5
-3
-18
16
-8
-3
-7
1
-14
22
32
22
8
-30
-24
-46
2
25
-8
3
44
6
17
11
2
15
-25
-20
8
-37
-22
11
20
-1
-18
-12
-25
-13
8
-44
0
47
-35
23
-7
5
-26
-15
-31
63
25
34
15
-24
11
-43
4
33
-29
-12
52
-12
-1
-18
50
27
3
-1
42
-24
-20
35
46
-12
-10
12
17
-26
-45
-7
31
74
-22
32
0
34
-33
27
-14
83
-2
52
-44
-43
-27
-40
-29
20
-6
47
28
-4
25
-24
-5
1
49
-62
38
-2
-15
21
6
-2
-23
15
30
11
1
-42
32
21
-19
-20
-5
29
2
-32
-15
6
18
15
-7
-4
-26
-38
0
17
-21
4
35
19
-2
-9
31
10
-26
-30
-9
-4
-26
-5
-1
-28
6
-3
10
6
-3
-25
2
14
2
-10
13
23
24
-35
-7
24
32
45
-4
-19
-4
-20
-11
27
3
4
5
13
19
11
16
-14
-27
-42
-11
-22
-20
13
17
-24
6
-8
-6
19
15
-20
-16
5
5
12
5
24
8
-5
3
22
24
35
24
-23
-15
-20
-20
19
8
-2
-3
-4
21
11
7
-13
2
-22
-16
-48
-47
25
33
-20
31
9
-11
15
14
-19
-24
8
-5
17
17
11
4
-17
-13
23
27
31
21
-20
0
-14
-2
-2
18
1
-8
0
13
17
10
-19
-22
-14
-2
-37
-41
31
16
-42
25
14
3
18
13
-13
-27
34
18
-9
12
17
6
-27
7
37
28
41
9
-4
10
-32
-11
21
20
20
-4
-1
5
18
20
-38
9
-26
-11
-30
-23
21
32
-11
-16
-10
9
-15
11
7
6
36
-5
-8
4
12
2
20
53
7
4
11
-16
-9
18
-9
-14
21
3
-10
34
-9
-13
4
1
-17
0
-37
-8
4
0
-23
20
25
-23
16
7
-8
1
5
0
10
-1
-3
-24
0
12
14
-2
35
-35
-29
-19
5
24
40
29
41
1
-6
37
4
-42
9
33
30
-14
-31
-24
-8
28
-20
-10
15
7
6
22
-23
22
-4
22
14
-24
5
-8
0
-9
19
-9
31
5
-47
-21
-11
14
5
16
19
5
-14
69
0
-9
2
21
0
-17
-44
-16
-18
-10
-10
5
25
-25
11
8
-16
2
-13
-2
46
-21
32
17
-19
-35
3
-39
40
-12
-58
27
-9
49
0
32
8
-20
-26
36
-9
4
-1
12
7
16
-1
11
-3
32
32
30
43
-10
-20
16
-51
-42
22
36
34
20
12
32
10
-34
33
-46
50
-29
44
-6
-30
36
3
21
-15
-43
2
-17
-29
-5
17
-17
-37
38
-54
22
10
41
3
2
20
-29
23
44
4
-21
-12
37
22
6
-1
30
2
9
26
-28
27
-27
-60
-14
-16
3
8
25
-11
-12
-4
29
-18
-6
-11
-16
-24
-1
-50
-16
-5
27
14
-14
-9
-27
16
34
-18
7
5
5
26
-18
-22
-9
7
11
3
0
22
-16
-5
-40
-1
19
7
7
17
18
3
24
-13
-20
-5
-2
-16
-26
-67
-24
3
17
-12
-17
5
-44
3
10
-7
8
9
-5
-7
15
10
-17
4
-10
7
23
9
-27
-24
-26
-16
-1
18
18
0
13
7
24
15
-18
22
-13
-3
-21
-30
-22
-20
10
2
8
0
-15
5
11
-3
10
0
7
-4
-2
-1
-15
-9
-13
28
12
-1
-25
-27
-22
-11
17
39
25
1
27
10
14
-3
-20
11
-12
-10
-30
-12
-17
-18
21
10
-11
-52
1
-2
-4
4
-4
4
-7
37
-1
-8
2
6
-7
6
53
30
6
0
-13
2
21
-21
-8
24
27
18
-7
-20
-13
15
-2
-46
10
-41
-6
13
8
15
18
-2
9
-40
19
-3
5
-11
2
35
-20
15
24
9
-1
-9
36
14
36
29
-22
48
-9
-31
-15
1
-11
5
26
-2
-5
-4
19
-25
24
-44
-17
-24
-3
-14
25
6
20
-1
9
-4
7
-8
37
9
-40
7
8
-8
32
-12
2
30
17
11
-29
57
3
-1
3
15
-14
-18
30
-1
-20
-18
56
19
17
-24
-36
-31
31
-21
-21
7
15
0
24
8
-2
15
51
25
-20
17
-24
-17
1
21
-3
-5
6
-21
-36
14
-17
-13
12
-9
-7
-31
39
-3
2
-26
17
-3
39
-28
-12
-6
12
-16
-6
16
-4
26
27
14
10
17
5
17
3
29
-16
-19
-21
-4
-16
12
-19
-36
-24
10
42
22
23
-8
-3
-38
17
13
13
-8
32
-21
-9
-1
-3
11
10
12
1
38
-5
5
23
-3
2
21
15
-6
30
21
12
-7
1
-25
-31
31
-28
23
-27
2
48
10
39
-6
-8
-10
-10
-25
-10
21
1
-21
0
-32
-2
1
34
25
-26
19
31
24
3
0
15
9
-9
23
24
29
10
-3
-26
-3
1
39
-36
7
-11
6
22
18
24
8
-16
-38
25
-34
12
-17
9
-37
29
-41
-14
-19
5
10
-8
-11
-20
26
35
-19
-4
10
34
36
-17
15
-27
32
0
13
7
56
8
-17
-44
21
6
-34
-22
-6
0
-1
18
-37
11
-22
11
-34
18
-40
-20
15
-2
-4
5
-5
-34
1
21
-21
-29
14
13
-10
-35
-16
-22
23
7
-19
2
13
-7
-17
-28
18
15
-21
1
-7
-4
14
11
10
-15
-17
35
-10
-8
-24
-9
49
9
-19
2
21
12
-5
-7
-38
37
-4
14
1
-23
-3
-28
12
18
13
19
-19
-9
-1
-4
-18
26
8
9
9
15
-39
16
-3
12
7
4
5
-8
-26
1
10
9
14
-22
-12
4
1
-2
-48
-6
6
13
33
15
-5
-32
22
0
-24
55
28
8
16
-23
-4
23
-15
8
5
6
9
-13
-28
19
1
-2
-30
29
-41
15
17
6
4
31
10
-1
-27
9
-24
1
-26
5
33
-50
15
29
4
-2
-3
4
13
12
14
4
25
14
-27
-2
28
-13
-9
-7
1
9
-1
-5
-55
31
-17
8
24
8
-7
20
17
-12
-17
14
2
22
-12
19
47
-36
25
-11
65
22
11
-11
-15
-16
13
9
29
-5
-30
-7
35
5
-50
8
-14
35
-38
6
19
63
-9
11
-12
19
4
34
10
-29
20
41
-22
-31
18
46
18
-11
36
-10
21
-34
37
-44
20
-17
31
-27
-18
1
1
-22
-8
-20
-15
16
14
18
-7
-11
-9
40
-28
9
13
4
1
25
-3
5
7
39
-12
13
2
43
-10
-21
13
-9
-6
4
4
-26
16
-2
-10
3
42
10
-13
4
-11
-1
-18
5
7
-2
-9
27
-1
9
-1
-6
22
14
-35
-24
6
13
3
16
-7
15
0
37
-8
-8
21
1
-9
-8
-1
9
14
-4
1
-34
48
23
-11
-20
-28
-10
-10
20
-10
-2
8
29
15
28
-17
-14
-8
34
-4
-5
26
15
2
11
10
-7
0
21
-13
8
20
-12
4
-11
19
-15
47
2
-20
-12
58
-20
-19
-1
12
-25
-9
7
-42
-18
-20
27
-2
23
-24
-14
1
51
12
-33
-3
0
-12
23
-15
-41
18
27
20
9
25
-2
30
-18
47
-8
11
-30
-11
-17
13
7
-18
-20
-22
-32
7
21
-19
37
-20
19
-31
32
-22
-6
28
8
11
31
-25
-4
3
45
-34
-38
12
42
-19
-19
-6
-11
35
14
-5
-38
3
-18
-32
-11
10
6
-6
-1
-14
-9
-18
-5
20
-19
-16
38
15
-37
6
0
51
5
5
-27
-8
25
-24
9
-25
13
-13
41
-20
-16
-6
-6
-7
23
16
-15
-25
-2
0
-1
2
-4
16
3
-16
18
-43
23
28
-8
15
14
29
-8
-8
-4
2
10
14
-11
-30
24
-4
22
1
-16
19
31
-3
14
11
13
18
4
-35
15
40
14
14
0
27
20
13
-7
16
10
-9
-1
-1
4
23
25
-42
11
-40
4
6
16
35
42
-8
25
-13
7
8
-37
-3
17
14
-8
16
48
-24
12
-27
-4
13
20
-5
21
27
12
-7
24
16
-22
-21
-16
6
-3
20
0
-7
30
-23
19
6
18
2
-8
-14
24
0
-11
21
-28
-1
35
-9
-18
28
6
-2
-3
-6
-30
14
-27
-29
19
44
-17
-19
19
7
-46
-24
-7
10
7
-24
1
-1
21
-10
15
-12
37
18
3
12
35
-24
15
18
-19
15
68
-38
15
20
7
-8
-8
-25
-45
18
-17
-5
-25
29
-18
4
6
1
-36
-9
-49
8
-11
-7
-2
16
-4
4
27
-23
51
18
-13
-6
20
-9
15
36
-25
-26
61
-32
-32
-2
-10
10
10
-13
-38
30
-8
-9
14
41
-18
-7
21
23
-38
-2
-8
11
8
-14
-2
-28
28
-27
11
5
33
9
-36
-4
22
-23
28
1
54
0
62
7
-2
14
-23
39
-35
22
13
-20
2
-22
-31
62
-4
-7
-36
-18
-17
-45
9
3
43
-49
15
0
61
17
32
18
15
-6
26
-6
-23
-9
42
-21
-49
-13
29
-5
-10
25
-23
54
-51
47
-21
22
4
-24
-21
8
36
3
-55
-16
-27
-36
6
-3
41
-32
24
-6
39
-8
22
34
30
3
8
15
-28
-21
35
10
-37
5
42
-43
20
29
8
21
-10
15
-28
-11
-7
-13
-15
48
23
15
-12
-34
-33
-17
-7
3
11
-13
-2
2
-26
5
16
51
24
29
-32
4
-18
-8
33
36
-24
-13
57
-40
14
16
20
33
19
9
-48
-6
7
-13
15
33
12
53
-12
-11
-8
2
-11
17
18
-19
-3
10
5
20
1
24
19
32
-9
-24
-2
-9
20
36
-24
-13
57
-22
-10
27
5
6
3
25
-4
-8
21
-16
3
24
-8
65
8
-20
4
-17
7
34
26
-10
-31
-19
6
16
11
10
1
0
-21
-30
7
1
32
-14
-20
35
23
-3
31
18
16
15
4
-9
34
23
4
-9
-6
22
31
38
-16
10
-9
-24
-20
-1
4
-1
16
-50
15
-7
5
32
16
13
10
7
16
-5
13
41
-3
-12
-1
24
15
11
9
23
10
9
28
-6
-6
-10
10
13
-3
12
-4
-3
-3
-4
12
-13
-2
-2
-34
-5
25
-3
-9
20
27
2
8
12
-6
22
29
62
22
-13
29
-29
-10
-5
-29
33
-29
34
-13
-8
-36
-26
11
35
7
63
-2
0
-19
-2
25
-8
3
-16
-24
-42
22
21
-4
37
46
-4
0
8
5
15
30
31
29
2
40
-29
1
-4
-40
38
-47
73
-8
-2
-36
-21
-3
3
13
56
-19
-16
-27
-36
24
-6
25
-35
-35
-36
17
26
-9
33
28
4
-1
0
-25
5
35
30
-39
-8
51
-32
-3
8
-25
37
-27
52
-41
20
-17
-23
5
8
31
40
-7
-24
-29
-3
21
-12
11
-25
-29
-22
31
10
13
53
48
15
-28
6
4
-20
34
27
4
-13
51
-32
9
2
1
-4
-18
35
-34
-41
0
-37
-4
41
9
24
6
-34
-22
3
-13
-10
4
-20
-27
-4
17
47
41
38
21
22
5
29
2
-13
21
11
-3
-3
32
-60
17
15
48
-9
-18
10
-37
-23
7
-30
18
50
52
42
-18
-48
-62
-5
-56
-20
10
-43
2
1
-26
30
50
52
46
11
-6
31
-20
-22
26
25
-5
-29
33
-59
30
13
8
6
-5
9
-53
-25
30
-4
32
59
41
31
-17
-31
-48
9
-29
15
23
-42
-8
29
-17
28
17
46
17
6
-11
24
-39
-5
4
80
-43
-18
48
-63
51
-13
-12
9
-2
43
-56
-17
-6
0
47
33
37
80
34
-8
-41
20
-24
6
18
-10
-56
17
-32
36
-11
48
-16
-8
-10
-1
-11
7
28
62
-53
-1
46
-47
30
6
13
-20
5
32
-34
5
12
-36
22
30
-3
83
45
-13
-16
46
-16
-4
-8
15
-61
9
-24
44
19
54
-13
-20
-27
-20
20
-22
44
29
-7
14
-5
-2
19
10
32
10
-1
-23
12
-7
32
-10
19
39
-4
25
0
-2
-7
15
-50
-15
-8
22
-1
-36
-2
17
0
49
-10
20
13
-4
7
0
3
33
-12
-9
-2
39
10
9
4
23
-12
6
32
-2
14
2
-10
16
-6
-31
-36
-33
-20
1
3
-9
16
5
-19
-23
36
-13
-31
-28
16
-12
12
25
-6
7
7
67
-16
4
32
-15
38
31
-13
-5
-49
-8
-43
-6
0
-17
-1
13
21
3
-14
-61
-41
8
-2
5
-35
-7
-2
2
-1
29
-28
9
28
20
-6
29
2
5
-10
57
-4
-15
26
-24
31
5
-11
4
-37
6
-38
-43
4
8
22
3
24
12
-7
-50
-28
28
-28
-10
-26
-27
-14
-1
-5
50
-35
2
22
25
-2
9
10
-3
-12
61
-9
-6
27
-29
31
2
-2
13
-21
1
-53
-40
26
0
20
5
16
12
-7
-53
-34
17
-33
-6
-17
-24
-13
9
-21
25
-14
1
37
19
4
3
10
32
1
78
4
-21
30
-52
24
-19
-26
-6
-40
1
-66
-52
41
1
46
23
24
40
-1
-17
-41
12
-16
26
-12
-12
-17
26
-30
39
-4
13
5
18
27
44
-40
36
2
71
-24
-25
43
-68
66
-28
-6
-8
-17
11
-71
-61
36
18
59
25
35
55
31
-9
-48
38
-37
26
13
8
-38
39
-49
47
4
19
-11
21
2
46
-59
-6
-7
73
-41
-11
-6
-47
78
-29
8
-12
0
20
-67
-55
3
16
47
16
27
20
32
-28
-56
38
-41
-1
30
12
-42
31
-54
56
-16
19
-28
16
-8
12
-31
-12
-13
70
-48
13
-28
-50
91
-65
-29
-29
-14
19
-48
-44
-16
-3
41
-13
28
37
35
-8
-47
36
-32
3
33
3
-31
39
-34
69
-18
13
-37
-11
-46
4
-10
3
-12
60
-40
35
2
-28
74
-32
-14
-36
-20
26
-33
-17
2
-17
32
-16
8
36
33
3
-36
29
-32
-44
1
48
-33
17
-17
64
-13
28
-26
-26
-48
-19
10
-9
29
28
-14
24
-26
8
31
-13
17
-17
-25
2
7
-6
30
-18
33
4
-9
10
9
1
-6
17
-37
-37
6
43
-11
-13
1
15
0
36
-34
-19
8
0
-9
-16
-18
-13
-16
21
31
34
22
12
30
22
-10
29
42
-39
-10
18
-8
-6
6
-18
-13
-30
-26
-16
-3
-15
19
-17
10
-48
47
7
-4
-1
-5
-33
33
10
-26
-11
15
7
7
34
47
0
24
16
-10
10
-1
-6
3
-14
-7
-3
-13
-13
16
3
3
-38
-36
13
-26
-24
-33
-10
47
4
-1
34
-5
27
15
-20
18
23
-27
-8
-7
14
9
2
31
-15
0
-27
-18
25
21
4
-4
-33
10
34
26
-1
-1
0
10
-11
-4
41
-41
-33
-22
-6
26
10
18
35
-19
9
5
-26
15
26
-33
-19
-2
43
-1
27
33
5
33
-12
-31
26
14
17
-20
-56
13
37
39
-5
-6
7
-9
-9
-11
33
-20
-23
19
-4
9
1
35
31
-26
-7
8
-8
27
27
-59
-1
5
57
-35
50
27
-11
54
-5
-23
18
6
25
-34
-38
-16
20
45
-14
10
12
-9
-5
-20
37
-17
-29
9
5
12
-6
30
43
-13
5
7
-9
20
40
-72
-8
12
63
-37
48
8
-19
64
-23
-38
4
27
26
-21
-38
-17
12
44
-25
-20
-2
10
2
-24
36
-23
-15
25
24
25
28
20
73
-9
-4
0
-21
7
42
-58
-27
3
36
-40
34
-17
-23
71
-39
-53
-10
36
20
-6
-66
15
41
52
-30
-40
-21
-7
4
-15
30
-21
-13
55
34
24
42
16
78
-17
-19
-17
-30
-6
32
-33
-29
-17
22
-40
29
-22
-24
58
-35
-55
-28
21
15
4
-62
33
44
62
-22
-49
-21
-8
19
-20
21
-20
-14
53
42
30
42
31
77
-22
-30
-15
-45
-20
32
-5
-22
-8
21
-26
34
-7
-19
63
-10
-41
-33
-1
23
12
-51
47
20
49
-32
-50
-4
-2
24
-27
7
-14
-38
22
47
28
42
41
69
-15
-32
-6
-51
-38
2
4
-12
17
8
-16
30
-2
10
39
-3
-3
-19
-7
8
28
-24
42
-4
31
-16
-34
-1
-8
21
-1
-8
-11
-35
12
36
37
-11
38
17
6
2
-10
-44
-20
