19
-5
4
36
1
1
60
24
21
27
-19
1
3
27
-13
31
21
-32
7
-4
19
9
93
41
8
49
3
1
37
40
-17
-3
2
-18
27
8
20
36
75
39
30
57
-4
-17
22
28
3
1
12
-19
45
31
14
26
78
24
35
60
-14
-28
11
14
-10
7
11
-20
41
23
13
27
57
31
11
54
-11
-7
23
45
2
3
-1
-7
33
1
5
27
70
40
28
62
-2
-12
19
42
10
26
-17
-22
-1
-14
22
14
38
29
23
44
-1
-9
-1
34
-10
31
-11
-27
-11
-24
22
15
22
18
-22
4
-16
26
-27
24
49
26
-7
-25
5
-5
16
27
50
45
9
60
-19
-1
-10
52
-16
15
-18
-40
-27
-40
19
19
18
27
-24
17
8
5
-13
60
5
3
-1
-4
-28
-14
13
6
42
25
15
9
-4
27
-7
11
25
37
17
-2
14
32
-1
-10
72
26
64
33
8
-3
17
14
-34
32
-15
-64
-8
-14
30
-6
34
16
0
-11
21
3
7
40
19
-19
-8
-10
-4
-6
27
-10
51
27
23
11
-12
18
-28
-15
-1
34
6
-18
17
39
27
19
54
30
23
41
-25
-6
-14
13
-17
20
0
-37
15
29
14
23
27
33
1
40
-34
2
10
61
-7
3
4
-9
8
40
5
19
44
27
20
38
-16
-3
13
19
-17
18
-7
-31
-6
4
34
13
28
20
-14
5
12
9
10
7
2
-10
-4
-11
5
35
47
15
46
20
40
28
-4
6
-5
-3
-2
27
-12
3
-18
5
47
5
34
17
42
18
-2
15
-14
3
19
27
28
-27
47
35
8
-2
75
17
21
-1
3
5
26
19
-12
43
11
-40
22
21
47
25
47
15
0
8
16
16
13
5
-4
35
8
-25
34
46
41
26
47
12
40
18
-5
3
2
-29
-8
35
6
-24
23
41
29
16
35
10
29
21
-16
-1
-12
-28
-17
37
4
-28
22
37
30
21
21
16
25
15
-12
8
-6
-7
-7
42
-5
-24
12
21
22
13
24
18
33
20
2
19
-10
12
-10
64
-19
-36
-21
-20
33
2
17
-1
30
-8
17
19
-10
-5
9
41
-9
-33
-38
-20
23
-10
-5
6
-16
-25
1
48
-2
-27
26
22
-18
-38
-13
4
21
-4
11
20
41
18
1
31
-14
-32
-65
58
-12
-57
-16
-44
46
7
6
8
-13
-18
26
35
29
36
4
16
26
-10
16
7
27
14
87
19
43
30
2
20
17
-5
2
35
4
-33
-1
23
21
-15
62
14
40
35
-14
-3
32
-11
-42
9
-13
-80
7
-5
39
-10
30
6
6
-21
4
-1
-11
7
3
-6
-3
-24
24
11
45
1
20
27
8
-2
-14
21
-63
-9
-14
57
5
-23
39
58
58
34
27
29
3
24
-32
4
-48
8
-9
40
8
-40
23
55
39
24
19
23
-8
23
-42
7
-22
15
-11
25
-1
-28
9
40
27
16
1
23
-11
18
-25
12
-18
6
-16
32
-1
-31
26
30
62
26
-5
14
-19
-3
5
14
-16
0
23
6
-4
-13
43
60
72
35
7
16
24
21
-20
0
-28
-12
6
42
-10
2
16
24
73
19
13
18
17
-1
-1
23
-33
-3
26
46
28
-18
29
26
-20
-3
20
23
9
-7
9
25
8
33
-6
48
9
-15
21
3
7
22
-4
18
-20
-14
33
13
4
18
18
31
4
-6
34
40
32
20
29
12
48
3
23
-1
11
-24
-1
41
1
-17
20
37
19
19
17
16
33
14
0
9
-4
1
-2
46
-1
-21
8
21
1
7
10
22
37
14
-1
19
0
15
-16
57
-5
-34
-18
1
1
0
-5
10
39
15
-14
20
-14
26
-41
54
-21
-29
-32
-13
36
4
21
-14
72
2
2
-5
5
-4
-10
44
17
-26
-20
-5
-5
-21
51
8
22
-11
3
28
-4
-20
-3
33
-8
-32
-22
7
-3
-20
23
21
41
22
-7
16
-7
-18
-60
45
-4
-39
-14
-35
23
-3
21
17
15
-18
28
29
24
21
15
28
29
-14
29
52
15
2
92
15
64
14
9
4
3
-32
-19
46
3
-39
4
44
28
6
52
9
50
27
-15
-7
2
-25
-26
31
-5
-43
-31
28
21
-12
2
7
12
11
-9
14
-18
4
-24
-2
2
-23
7
28
35
-6
-15
25
10
-14
-13
26
-50
12
-17
45
16
-26
33
43
37
16
-1
25
1
-4
-21
20
-48
22
-18
49
19
-18
14
50
34
18
-3
19
-12
19
-24
34
-21
19
-4
32
15
-20
24
42
38
19
-8
14
-1
7
5
37
-21
14
15
24
6
-10
31
42
45
14
-24
12
-12
-15
14
16
-10
3
33
-18
-3
1
44
46
38
19
-11
20
18
-10
12
-1
-22
-3
13
29
-9
7
20
21
51
17
-2
12
32
-4
4
24
-17
-2
38
50
20
-14
-9
3
-11
12
-3
19
13
6
-11
39
10
57
-17
48
17
-34
9
-5
-2
6
11
14
-7
-20
17
12
-10
46
14
20
25
-25
20
25
-3
4
30
3
4
0
36
16
-40
8
14
29
10
-26
15
23
0
7
-5
13
12
13
15
43
-11
24
24
37
6
-24
-15
6
8
12
1
15
17
16
-14
28
-17
41
-8
36
2
-23
-31
-4
15
7
22
7
33
17
0
3
-23
24
-25
30
19
-15
-31
18
-5
-19
62
-14
57
8
22
0
-19
5
-28
33
27
-13
-27
29
10
-35
42
7
5
-26
-4
36
-15
-36
-17
12
0
-34
-15
12
18
-4
13
21
17
4
-3
21
-1
3
-36
41
-3
-36
-2
-31
21
-2
18
9
29
-27
4
23
10
22
32
28
19
-7
31
69
22
3
53
3
86
12
10
-2
-4
-28
-25
65
6
-20
-1
52
27
8
40
0
51
27
-13
7
-16
-15
-26
62
-6
-24
-42
17
13
-24
0
9
13
13
-13
22
-10
7
-24
9
0
-50
-29
11
19
-19
-18
15
-24
4
-38
25
-48
13
-20
7
15
-35
2
33
46
8
-2
28
-13
8
-44
25
-49
28
-17
25
18
-23
-2
45
36
14
-18
19
-16
5
-29
34
-23
25
-17
31
18
-15
8
52
43
10
-11
15
-6
-8
-14
32
-18
15
8
17
26
2
21
74
46
-15
23
19
37
-5
9
11
19
0
-20
3
4
-18
16
20
29
20
5
35
-11
7
2
15
-24
27
7
19
1
11
8
12
35
13
11
23
27
8
9
30
-15
-1
26
52
7
-20
-26
-1
5
6
11
5
47
9
-9
19
11
41
-8
37
19
-31
-23
-17
20
-3
19
-5
47
11
-5
38
-4
42
-13
24
25
2
-34
-8
-2
-6
-24
11
-5
-21
24
58
2
42
4
28
27
-28
-25
12
-7
-14
-22
7
-9
-19
0
49
-12
44
-9
14
28
-52
1
-7
-7
-16
-3
3
15
2
-12
39
-36
30
-41
39
46
-16
-11
-23
-26
-8
1
14
-30
-19
17
49
-26
52
-17
35
27
-33
-16
-3
3
3
-22
13
-3
5
-7
52
4
56
-6
13
28
-23
-24
35
22
-30
-11
0
-17
-8
-19
41
-22
-31
-20
7
14
-36
-9
14
17
-15
-13
18
-7
-19
-5
32
-23
27
-19
32
1
-27
7
-8
3
6
-1
22
14
-30
11
31
-11
19
11
46
14
-5
21
57
22
1
52
-2
87
20
13
-8
-7
-28
-25
51
-7
-17
-2
20
30
12
8
5
45
22
9
29
-15
9
11
58
-7
-27
-11
19
12
11
7
13
23
29
-1
34
-15
15
3
50
-1
-67
-33
17
17
-1
-6
8
-28
24
-53
12
-50
21
-28
5
20
-50
-24
24
7
-28
-7
10
-41
13
-62
20
-62
9
-57
22
9
-30
-8
49
39
5
-20
20
-9
1
-26
27
-33
17
-23
15
16
2
3
67
44
1
-6
19
-13
-23
-9
25
-7
4
23
7
24
-22
28
84
47
2
16
27
3
-19
-4
15
-18
9
-7
12
-1
-13
15
42
56
27
1
19
-3
3
3
30
-34
12
19
46
-1
17
5
6
38
23
21
28
12
7
14
28
-21
3
41
54
4
-3
-33
-7
7
0
16
8
36
5
-10
24
18
35
-5
35
8
-13
-44
-20
14
-13
-15
5
13
-7
-5
43
17
36
-31
19
17
-9
-35
-32
-6
8
0
27
10
-4
3
30
15
65
-27
30
32
-25
-13
15
-4
-2
65
15
29
38
-17
5
-20
40
-27
-3
34
-3
-27
9
-38
-43
45
14
11
42
-15
31
-9
32
-81
16
20
-26
-28
-30
-13
7
-24
29
-44
-20
15
47
14
67
-26
25
17
-32
-8
0
27
2
19
14
50
11
16
22
-1
24
-33
38
34
-40
-45
23
-24
-71
14
2
-38
1
-3
35
-54
9
-88
-11
25
-36
-7
52
8
-22
-33
22
-46
-34
-15
37
-47
23
-24
23
18
-27
7
27
18
7
-4
26
1
-13
7
30
-7
10
-15
44
0
-16
7
45
35
16
7
4
49
14
7
15
-5
-7
-6
47
-14
-16
-10
-20
11
0
-12
11
43
8
10
40
-10
22
-6
65
-10
-30
-27
-39
4
14
-22
18
-8
5
-16
40
-26
34
-14
47
-15
-75
-33
-26
8
-2
-12
-3
-9
11
-38
19
-21
21
-54
16
-11
-82
-40
1
24
-21
-47
-9
-37
-5
-40
43
-51
24
-22
-1
9
-40
11
16
40
6
-33
25
-11
3
-10
38
-49
10
-35
27
37
-26
46
46
46
29
-44
36
-65
4
-9
36
-12
40
7
-20
39
-29
41
51
32
20
-30
30
-61
-8
-8
34
-29
27
12
-17
15
-25
24
25
31
23
-35
29
-59
-9
7
27
-38
18
16
-13
5
13
5
-11
20
20
-19
25
-8
-8
17
46
-12
6
35
40
2
-9
-7
-28
1
-7
15
12
38
-3
-8
21
35
41
-12
36
14
-27
-27
-19
11
8
8
6
0
-20
-7
20
-4
14
5
22
27
-15
11
18
-3
-2
78
8
76
51
18
-9
5
11
-54
10
33
-1
35
15
-37
0
71
15
-3
51
-19
-3
14
50
-37
20
13
-12
48
33
-13
27
32
36
6
42
-14
3
42
75
-9
24
0
-41
1
-21
25
17
59
9
19
2
35
-10
21
62
15
1
25
-36
-21
4
29
8
34
-11
31
5
13
24
-27
46
2
5
32
-50
-24
10
22
-13
-30
16
-35
-10
-6
57
-12
55
-24
-25
35
-54
-4
-4
-19
-18
-42
23
-49
-46
3
57
-45
41
-16
26
37
-40
2
4
0
2
-25
14
8
-5
-1
52
-23
46
-16
36
21
-48
-5
-5
16
5
-17
-1
1
-4
-10
32
-13
24
-6
7
-9
-34
-12
-57
7
1
-12
20
13
34
-13
36
-12
37
-29
31
-8
-53
-3
-62
1
33
9
33
-35
35
-29
4
-12
105
10
-4
0
-76
-13
-26
8
-7
59
8
-4
37
-17
-17
-13
59
-26
-23
-11
-81
-31
-26
18
-27
-15
6
-26
18
-30
36
-10
46
-30
-18
10
-54
27
21
31
17
-13
20
-15
12
-30
10
-50
23
-29
15
33
-63
56
41
77
26
-7
18
-33
16
-43
4
-33
60
2
-30
46
-27
42
63
30
18
18
30
-39
19
-55
7
-32
56
-14
-1
19
-33
28
36
23
17
19
43
-58
22
-25
-6
-32
46
-12
-30
4
-10
2
-16
12
20
12
50
-62
12
10
21
-2
66
34
-26
9
-36
2
-2
-18
3
2
20
17
-2
11
11
10
40
-2
4
17
-35
-10
-13
-8
-14
20
-8
-2
-27
4
23
-51
-13
3
12
46
-4
6
43
-31
-13
30
15
6
14
-6
33
-16
24
-51
42
21
-20
-8
15
-19
-4
-8
20
-31
5
-22
36
6
39
-9
21
8
-26
1
21
-13
0
-12
17
10
11
-16
23
5
15
-26
54
-8
-59
-4
-39
31
12
-15
-9
-3
-26
27
32
19
52
36
-6
13
-30
-10
-27
13
5
-13
1
30
15
-5
39
-9
43
-23
29
31
-34
-12
-5
19
17
-23
15
0
5
-18
46
-16
53
-33
20
42
-28
-18
-20
-17
6
1
19
-21
12
-40
45
-18
85
-20
22
30
-28
-19
-22
-2
18
6
15
6
36
-41
25
-23
98
-24
25
9
-24
-25
-36
-5
0
36
0
17
2
4
2
-26
50
-12
30
25
-39
-1
-29
-4
8
64
17
-5
6
9
-2
-18
58
-10
14
10
-67
-1
-33
29
15
30
20
-2
40
-28
17
-7
83
-11
-11
21
-73
-20
-23
15
1
-31
5
-37
-1
-17
46
-14
83
-18
-28
22
-62
-5
-49
22
10
0
-1
-7
-4
-5
43
18
45
13
-9
42
-55
33
33
20
5
37
-15
50
40
-3
19
-15
-6
-56
25
50
-46
-18
26
11
-58
35
-20
-14
-4
-2
35
-33
-31
-78
-21
55
-58
0
47
10
-36
-1
16
-61
-44
-33
39
-39
-3
-29
-18
33
-57
17
66
33
-3
4
25
-15
-5
-37
20
-20
18
-33
5
8
-34
1
16
12
9
0
25
-15
4
0
38
14
34
0
29
19
-37
15
24
-6
-7
32
15
46
12
14
16
11
-1
-48
19
25
-29
-19
8
-21
-44
13
14
-34
19
-20
36
-26
-1
-69
-5
24
-37
-10
25
-12
-11
-32
31
-43
9
-32
47
-27
40
-41
13
30
-50
-29
0
-12
1
-31
34
-71
18
-33
57
-9
69
-33
5
16
-47
-31
-22
-8
0
-24
22
-34
9
-21
47
-3
35
-35
27
17
-34
-9
-44
7
6
29
24
3
19
2
27
23
48
-33
15
32
-16
-1
19
-32
-6
61
12
16
69
-8
8
19
18
-51
-3
3
-41
-27
-3
-21
-29
4
15
-15
3
-1
16
-25
6
-52
-10
16
-41
-21
-22
-10
-8
-23
35
-38
-24
-29
40
-34
43
-6
11
35
-14
5
-6
-12
18
-2
38
-35
-1
-17
35
-7
91
10
1
2
-17
-15
-26
-12
5
38
6
15
7
3
-4
1
65
-7
16
-8
-46
-27
-56
31
17
-2
0
13
-12
19
37
-1
55
12
30
10
-49
-23
-39
44
19
6
7
27
1
-10
33
-22
43
-32
28
18
-61
-10
-25
17
12
-7
2
5
9
-2
26
-1
51
-33
5
40
-19
11
-16
-2
8
81
-5
23
38
7
-9
3
29
-21
-6
47
2
14
25
-31
-4
97
0
34
77
-19
-16
17
12
-59
6
28
-5
-10
35
-17
-24
44
15
-4
49
-9
9
28
-6
-56
-23
32
-29
-22
45
5
-28
-10
13
-41
14
-18
35
2
-6
-57
-36
39
-41
-8
40
1
-28
-34
20
-61
-30
-21
41
-31
6
-32
-1
25
-16
-2
20
5
-1
-12
15
-9
-6
-6
44
-1
15
6
44
40
-27
31
35
-35
-22
71
23
41
3
23
4
31
-6
-57
29
14
-30
10
25
-7
-3
47
20
7
38
-17
2
29
1
-45
-11
12
-43
3
18
-13
10
5
26
-39
50
-47
10
14
26
-40
-7
11
-55
-14
11
-2
6
-2
28
-41
35
-28
26
11
31
-29
-9
17
-45
-21
-3
-10
-1
17
29
-34
37
-18
31
20
39
-13
-13
19
-36
-19
10
-12
2
24
22
-12
30
-24
21
15
26
-24
11
13
-45
-7
9
-21
-1
17
25
4
31
-17
21
18
18
-34
24
-1
-33
-23
17
-16
-12
-15
22
-16
25
-22
22
-4
15
-47
5
8
-45
-8
-1
-5
-20
-25
25
-42
-5
-23
32
-13
14
-35
6
23
-25
18
2
-12
5
-24
37
-44
-10
-7
41
18
48
3
17
-4
-49
-4
-34
-18
-7
-13
29
-30
-28
18
13
1
58
-9
0
-11
-58
-20
-71
30
20
12
-2
6
-10
35
19
4
64
28
-3
8
-38
-11
-19
24
18
68
1
62
37
2
-16
-11
11
-37
8
41
-18
6
23
-32
-8
92
-4
40
57
-8
-18
22
20
-55
1
39
-3
21
34
-21
9
69
7
7
48
-17
-10
38
16
-25
0
23
-4
29
32
-11
21
42
14
11
45
-16
-5
30
8
-18
20
13
-10
25
26
-11
22
38
18
14
50
-19
-7
25
7
-24
21
5
-14
18
19
-8
13
32
23
12
50
-7
-3
28
6
-33
6
9
-20
-11
24
2
-7
-4
14
-30
31
-16
15
19
-2
-43
-26
21
-3
-14
21
3
-12
-8
21
-29
1
2
37
14
-3
-9
3
30
-7
37
33
-27
-6
40
22
27
-5
30
8
18
15
-34
54
9
-18
20
18
7
18
30
11
16
29
-18
3
22
10
-6
32
5
-31
1
23
-11
14
14
15
-5
33
-25
11
5
3
-28
32
5
-32
0
15
-16
6
19
23
12
25
-12
16
11
15
-19
39
3
-20
2
30
-6
9
18
22
31
27
1
20
13
13
-27
48
5
-28
2
-1
0
11
26
16
7
16
3
13
17
34
-6
41
15
-34
19
29
-12
9
13
28
10
23
-1
19
4
39
-18
28
6
-23
13
3
-16
19
11
28
3
40
-6
14
17
46
-12
25
11
-41
32
-5
-6
16
30
23
2
45
-13
-3
14
34
-18
6
41
-34
30
3
-10
5
45
31
-2
49
0
21
41
58
-9
2
21
-60
4
-10
2
-2
20
18
-16
1
20
17
18
45
9
-31
16
-43
1
-22
6
15
47
2
-1
14
23
-3
12
24
10
-21
43
-8
11
19
-24
-4
89
-13
48
57
-3
-1
16
-4
-44
23
21
-7
22
28
-11
17
50
7
20
49
-15
-3
30
6
-18
24
13
-4
33
29
-3
31
32
14
14
44
-15
-9
27
12
-4
20
13
-5
34
27
-4
30
29
15
13
43
-14
-10
26
16
-4
19
15
-4
34
29
-3
31
29
16
11
40
-12
-8
25
10
-2
20
14
-4
32
25
-5
26
36
17
15
45
-14
-8
27
7
-15
22
8
-12
23
22
-9
22
44
19
23
46
-5
-8
35
-4
-13
17
-2
-15
17
16
11
8
31
9
22
31
2
0
31
-2
-11
8
29
-18
15
25
-27
-6
22
14
28
14
11
26
4
18
-35
54
14
-18
-16
-3
-8
3
-12
10
-28
7
-7
35
8
17
10
16
12
-37
1
8
-24
3
-9
23
-18
13
-7
32
-10
21
-19
28
6
-31
18
-6
-16
8
-6
30
-26
7
-4
31
0
26
8
31
4
-10
19
-15
-23
11
15
34
10
44
7
14
28
54
-7
27
8
-30
14
-10
-4
24
14
19
-5
20
21
14
14
45
16
19
7
-30
15
10
0
10
13
23
27
27
7
26
8
31
-12
36
6
-20
10
-3
3
18
20
21
27
28
10
19
19
46
-6
41
17
-19
17
-9
9
15
56
2
31
27
0
-3
23
20
-8
26
25
-17
28
26
-1
14
35
15
24
39
-8
7
36
23
-24
19
21
-22
33
19
3
14
27
13
9
20
1
-1
34
19
-14
4
37
3
29
25
-21
9
71
8
16
43
1
-13
35
16
-19
1
26
1
34
32
-17
22
48
13
11
52
-13
-10
30
14
-12
14
14
-2
34
28
-4
32
30
15
11
46
-15
-10
27
16
-2
19
13
-3
36
30
-2
31
28
14
11
41
-16
-10
26
12
-3
22
13
-3
35
31
-2
32
29
15
14
43
-11
-10
27
11
-6
22
13
-2
36
31
-1
32
27
14
12
40
-11
-10
26
9
-1
20
12
-4
34
32
1
31
28
12
16
41
-13
-11
26
5
-4
21
11
-9
26
35
-2
22
30
9
22
32
-6
-11
21
-8
-8
23
-3
-9
21
17
9
8
22
9
35
26
3
2
29
-14
-12
30
1
-12
-29
35
0
-13
2
11
33
11
6
30
1
-4
-37
33
0
-8
-43
19
-14
-17
-23
12
-4
-4
0
37
7
9
-14
22
21
-33
-12
14
-25
-12
-6
23
-14
1
-2
36
2
32
-40
24
19
-15
7
-19
-25
13
-15
23
-22
7
11
42
13
53
3
47
17
-10
4
1
5
18
21
19
13
37
11
32
25
37
4
33
14
-15
1
-18
11
13
31
16
12
12
15
23
20
27
29
22
20
-34
21
9
-8
6
21
27
14
26
-4
22
7
43
-12
33
12
-35
7
7
-5
2
15
19
10
12
8
12
4
42
-14
27
20
-30
-1
5
-3
-1
39
10
0
10
8
6
15
11
-13
21
14
-20
11
18
-15
5
27
24
15
28
-5
9
30
5
-23
22
18
-11
28
37
-4
20
28
13
13
33
-13
-5
29
5
-13
19
17
-3
30
33
-3
23
30
11
13
37
-11
-6
26
3
-9
21
11
-3
32
28
0
29
23
13
10
40
-12
-7
25
9
-1
22
10
-3
33
29
0
29
22
13
13
41
-11
-7
25
9
-4
26
11
-2
32
26
0
29
24
14
11
38
-9
-6
26
8
-1
25
10
-3
32
32
2
31
24
11
16
41
-9
-7
25
4
-2
24
9
-4
31
29
2
28
23
11
15
37
-10
-8
23
6
-1
25
9
-3
29
31
2
28
23
11
18
39
-8
-7
23
5
-4
27
9
-9
25
33
-2
24
25
10
22
36
-7
-6
23
-1
-6
26
-2
-4
24
20
8
11
21
11
35
29
4
2
29
-11
-9
31
9
-21
-20
21
-13
-11
-9
17
2
-23
-3
37
1
18
-5
31
13
-36
-2
16
-10
-18
58
17
30
34
3
5
33
35
-41
0
4
-42
-28
-4
7
-15
23
15
-21
10
-31
18
10
25
-11
-9
15
-19
-5
-9
-18
5
26
36
5
22
4
22
29
54
-24
50
20
-6
-4
18
-7
-2
22
11
31
16
12
27
16
22
-23
51
23
-6
1
-8
3
17
10
8
-5
-6
17
24
9
26
21
21
38
-29
6
4
-15
-3
30
21
-1
2
4
29
10
35
-11
22
15
-45
-17
17
5
-3
23
15
12
30
-9
22
12
19
-38
11
35
-24
-14
13
-21
-17
44
12
-14
2
10
28
14
19
-13
17
26
-16
10
26
-22
6
41
22
12
29
-3
23
26
21
-29
36
16
-9
22
24
-5
23
22
12
3
28
-16
10
22
20
1
30
16
-8
23
27
0
25
25
12
3
32
-14
6
22
15
-1
24
18
-8
24
26
-3
24
23
13
-1
31
-15
8
22
19
2
25
18
-7
24
26
-4
24
23
14
-1
33
-15
7
22
21
-1
26
17
-7
25
24
-2
26
22
12
-3
31
-13
7
20
21
3
25
17
-8
25
26
-4
26
22
13
1
34
-14
6
21
22
2
24
16
-9
26
23
-5
25
22
14
-2
30
-13
6
22
23
3
23
13
-10
23
24
-6
26
16
13
-4
33
-12
4
16
26
-1
23
11
-16
19
19
-18
19
6
13
1
27
-4
12
15
27
1
27
0
-10
16
7
-6
12
7
14
11
28
-7
11
30
7
-7
31
28
-10
-5
-21
-32
-6
25
20
-16
-7
-16
29
8
38
29
20
48
-29
10
39
-12
-12
51
8
9
44
-1
25
13
14
-36
2
16
-22
-22
-7
-4
-9
-8
4
-45
24
-17
33
12
26
15
-28
18
-8
13
0
-12
15
5
14
-10
33
5
26
27
31
7
12
19
20
17
8
-16
22
11
19
10
42
-9
13
22
40
5
45
13
15
5
-1
-3
14
8
9
10
26
-10
5
24
20
-5
33
43
-11
38
8
-30
5
16
22
-38
-8
16
23
19
52
4
20
32
-14
13
21
-13
11
16
13
-7
43
-10
26
19
26
-10
12
34
-4
5
6
-10
4
-12
9
-37
30
-13
37
21
47
12
-1
35
1
13
9
-16
17
-11
14
-34
35
-10
34
20
47
4
15
35
3
15
2
-14
20
-10
11
-31
43
-16
37
19
43
11
21
38
5
17
6
-13
21
-8
12
-34
47
-18
36
20
45
9
20
38
5
14
6
-12
21
-8
11
-35
46
-19
36
20
43
10
17
38
4
15
4
-13
21
-9
11
-35
45
-18
38
20
44
10
19
38
4
14
6
-12
21
-11
10
-33
46
-19
38
20
45
9
18
38
4
13
6
-12
20
-10
11
-36
45
-19
37
18
43
9
16
38
3
16
6
-14
21
-8
13
-35
46
-20
35
17
46
8
20
35
1
13
8
-13
21
-10
11
-35
48
-23
34
17
46
5
15
34
-2
19
7
-18
20
-9
13
-31
45
-20
32
13
51
8
19
23
1
6
2
-14
13
3
17
-12
41
-9
29
13
30
8
28
