-2
-9
-59
1
-11
-6
41
0
-29
-26
-35
-2
25
39
15
-38
-1
-58
-23
-8
6
15
45
3
-45
-19
-19
-1
-12
31
7
-58
12
-72
-4
16
22
16
26
-11
-5
-8
-12
-11
-14
24
6
-52
16
-65
11
23
11
17
46
-12
-7
-2
-5
-18
3
26
5
-43
15
-65
11
25
17
21
8
-5
-31
-9
-17
-9
-31
20
-5
-36
12
-64
2
3
14
22
30
-8
-11
-19
1
-9
2
54
26
-44
22
-65
-41
-35
34
6
11
-8
-14
-9
-30
-13
-1
58
-4
-30
-21
-16
-37
-46
-7
7
19
-4
-54
-37
-39
7
-6
8
52
-28
12
-73
-32
-40
35
19
58
-7
-32
-25
-41
5
21
81
15
-65
-21
-47
-71
-63
15
-8
10
-8
-41
-42
-31
3
2
37
6
-45
-31
25
-55
-19
-22
-14
9
-8
-6
-34
-52
3
-5
-2
11
-15
26
-35
-11
-10
5
-1
33
-5
19
-10
-12
-10
38
56
-13
-13
-30
-58
-38
-18
14
-6
-19
-9
-38
-72
3
10
-37
27
32
-38
-49
-19
-19
-53
-10
-5
20
3
-5
-54
-14
26
-41
-23
38
-11
-6
-43
-16
-30
12
25
42
2
-38
-18
-27
15
-9
53
11
-24
-10
-58
-26
-37
5
14
3
1
-56
-6
-45
19
-14
53
-6
-23
-5
-52
-24
-29
-2
13
41
-1
-36
3
-17
20
11
34
4
-11
-28
-53
-28
-31
8
9
-15
-2
-61
-32
-5
17
-25
-10
10
-31
-44
-10
1
4
2
14
-2
-6
-13
-50
-10
11
-47
-13
37
-5
-46
-13
-48
-26
0
6
7
2
-13
-12
-26
15
-26
-17
22
-27
8
-45
-15
5
12
2
38
-20
-30
-57
-30
26
-9
46
-12
-7
-17
-60
4
23
20
29
0
-13
-29
-53
-5
25
-57
0
-10
1
-16
-66
9
47
22
25
2
-21
5
-32
-10
21
-52
-7
-16
-14
-17
-62
2
30
8
24
17
-18
-3
-29
-8
16
-40
1
-14
-15
-16
-63
-1
38
11
27
-10
-12
-16
-37
-14
20
-60
-9
-17
-2
-7
-59
-9
21
13
6
-6
-15
11
-39
4
23
-25
24
-3
12
-9
-59
-54
-12
31
-17
-13
-31
16
-13
-11
30
-24
12
-10
-4
-48
14
-49
-19
-27
-17
-2
-7
-4
-39
-5
39
-32
-39
2
8
-2
-82
-23
-33
16
3
12
-4
36
-44
-2
20
13
39
-44
25
-34
-48
-39
-21
4
-14
-24
-16
-30
-35
0
31
-15
12
3
1
-8
-13
-9
14
-1
0
38
-11
9
-2
-11
13
-2
1
3
-13
22
-58
-28
-15
20
-5
43
-4
-17
24
-21
-7
20
17
-38
-33
-36
-72
-12
2
13
-5
-22
-14
-32
-75
12
11
-58
3
16
-21
-40
-38
12
-29
6
1
-13
-5
-16
-67
-19
37
-84
-33
14
20
-21
-63
4
-3
28
33
24
-7
-42
-28
-29
32
-58
32
1
-12
-23
-71
-7
-7
11
27
8
-4
-52
-31
-23
32
-50
22
-14
-14
-24
-68
-21
-32
6
22
14
-5
-60
-24
-20
40
-32
17
-10
-7
-37
-55
-2
-9
23
14
-47
-12
-49
-44
-8
37
-51
-23
14
-11
-42
-33
31
12
16
24
-26
-10
-20
-61
2
28
-67
-31
30
24
-43
-23
-12
-10
18
16
-12
-3
-38
-30
-30
28
-43
-35
25
1
20
-51
-9
-11
-1
-2
-9
-15
-15
-23
-21
37
-17
51
-12
11
-17
-33
-10
7
-2
15
-31
-7
-30
-49
-7
23
-55
13
0
22
-15
-59
11
44
14
24
-7
-20
8
-44
4
14
-43
-4
-7
-4
-24
-51
5
44
-3
25
-10
-16
-7
-47
-15
18
-62
11
-1
0
-19
-64
-16
23
-9
-2
-14
-15
18
-36
-7
33
-30
3
-24
14
-15
-40
-42
-12
-10
-21
-19
-18
33
-19
-9
28
-31
5
-39
15
-2
-29
-60
-15
-2
-32
16
-39
40
-9
5
-2
3
-3
-14
2
-23
-16
-31
9
-40
-27
17
-18
0
-54
-8
24
-34
-41
-9
-3
-5
-80
-35
-32
2
-8
23
-4
22
-24
11
27
4
32
-33
-6
-33
-9
-36
-17
-15
-26
-25
-18
-12
-57
-5
27
-27
-7
1
3
-13
-35
7
43
-4
4
26
-23
6
-52
-7
20
-44
-23
-6
-5
-11
-74
-54
19
17
16
40
-23
-13
-12
-32
24
-41
15
-31
-39
-44
-59
-52
2
-20
10
-15
7
-17
-27
20
29
-60
-1
-24
-20
-30
-38
2
-27
-5
-2
-27
7
1
-43
5
33
-36
1
8
32
-10
-60
-4
-7
9
17
-20
-3
-43
-8
-22
41
-55
29
-18
22
-7
-54
-14
-12
9
21
-13
-5
-58
-1
-20
47
-35
32
-8
12
-10
-66
-3
-14
11
19
-21
-7
-37
0
2
46
-26
19
3
7
-20
-38
9
-8
8
4
-63
6
-27
-11
12
19
-19
-23
14
5
-42
-13
27
5
-2
10
-40
-3
-10
-45
12
23
-46
-20
9
30
-41
-19
-3
-7
10
17
-32
-11
-26
-43
-23
35
-58
-29
26
11
40
-36
-20
-17
-6
-17
-5
-18
7
-3
2
15
19
55
-22
27
28
-22
-32
-4
-3
-29
10
-24
-5
-2
3
4
-18
45
-5
-8
-4
-57
-12
23
2
5
-10
-22
-17
-42
4
27
-73
21
-3
-3
-21
-50
-8
14
-11
5
-29
-13
1
-31
-4
49
-53
15
7
12
-3
-44
-46
6
-9
-27
9
-32
27
-9
1
38
-25
33
-22
-11
5
-38
-71
5
0
-39
26
-47
39
-9
18
22
-28
30
-36
-40
-22
-17
-63
11
-29
-32
6
-34
7
-12
-9
15
-30
-6
-28
-14
-31
-22
-47
-6
-34
-19
0
3
-6
-43
15
46
-36
-32
-15
5
-15
-64
-33
-5
14
10
13
-6
-7
-51
6
32
-22
50
-26
-9
-39
-23
-9
-27
-22
-25
-21
-28
9
-71
1
34
-37
-18
5
-6
-16
-27
11
43
-3
-9
16
-39
28
-47
-3
30
-42
-8
-14
18
-22
-52
-34
23
3
10
17
-30
-22
-25
-31
31
-54
8
-22
-8
-32
-48
-78
-24
-15
4
-12
2
-3
-25
3
33
-36
22
-31
-33
-21
-23
-44
-56
-34
6
9
6
-56
-13
-1
36
-40
5
-1
-21
-6
-55
-34
-30
5
6
12
9
-60
1
-24
34
-31
22
8
2
7
-56
-21
-20
5
4
-34
-1
-57
-3
-31
29
-19
18
-11
25
-9
-43
-5
-3
-7
-3
-35
3
-38
-12
1
25
-7
-10
11
34
15
-54
-11
9
14
-5
19
3
-31
-3
3
15
1
-9
-5
-7
-21
-58
-7
-5
-4
2
-15
0
-48
-10
5
30
-26
-13
10
-13
-36
-10
-13
-16
-8
3
-26
-3
-30
-10
-27
33
-31
-40
14
13
29
-24
-64
-11
-3
-25
17
-32
13
5
-20
13
2
56
-12
6
28
-60
-46
-17
9
-27
-3
-30
49
-5
16
23
4
40
-19
-3
19
-29
-32
-30
-28
-27
-41
-3
38
-13
1
2
26
14
-16
53
-1
-3
-40
-10
-42
-35
-39
0
4
12
0
23
-15
-9
-18
34
9
-17
-33
-45
-46
-26
5
-11
21
8
22
31
-18
40
-36
12
2
-32
-49
-42
-44
-4
-20
-9
-48
-22
-3
51
-26
53
-26
3
-14
-38
-43
-25
-19
-15
-55
-17
2
6
-6
62
-37
34
-21
8
-3
1
-51
-27
-42
-16
1
-7
-33
14
17
41
-28
-21
-14
-16
-16
-26
-59
-28
-20
14
-9
7
-57
-34
0
37
-48
55
-13
-7
-38
-14
-5
-15
-35
-18
-30
-22
-17
-64
-4
46
-51
-16
-1
17
-16
-48
-1
21
6
2
19
-36
20
-37
1
30
-46
0
-18
-2
-40
-42
-28
-13
-4
-2
-27
-31
-7
-28
-19
54
-51
6
7
3
-28
-32
-46
-17
-15
-11
-6
-24
-10
-20
-17
43
-30
-1
-10
-15
-26
-17
-88
-25
-49
-18
27
-9
-11
-8
-3
19
-27
-12
-18
-66
-22
-28
-35
-53
-39
12
19
0
-67
-27
-35
32
-46
-2
-26
-25
-18
-53
-30
-29
2
8
-26
5
-56
-13
-23
32
-30
7
-12
7
-19
15
-16
-17
-10
2
-19
6
-57
-26
-34
18
-16
-13
4
3
-15
-48
-9
-4
10
14
15
1
-60
-39
-13
39
-33
16
-1
-12
-35
-52
-9
-10
14
16
-16
-15
-50
-54
-4
51
-57
-21
20
-1
-40
5
-13
-5
-4
9
-6
-13
-29
-32
-37
27
-35
-30
33
-17
-31
23
-81
-31
-38
-28
-24
-4
26
-10
-29
15
5
11
-19
-1
-10
7
-62
-66
-36
-20
-15
1
-10
-19
5
16
0
17
-32
20
29
17
-42
-33
-33
-36
12
-23
0
6
-19
2
7
36
-32
3
13
-15
-59
18
-35
-40
51
-23
26
20
-11
1
-7
16
-28
-46
29
-44
-66
-50
-35
-18
32
8
-23
-2
-10
7
15
67
-56
-5
4
0
-38
-50
-45
-16
-22
1
-44
3
-4
17
21
43
-30
16
19
-36
-40
20
-5
-50
28
-30
69
21
41
19
12
11
-20
-4
5
-32
-83
-16
-52
-36
-1
8
-15
-13
21
24
-49
-28
-62
-35
-23
-27
-33
-12
-38
5
0
2
-48
-52
-2
44
-30
12
-9
-16
-25
-40
-16
-4
-15
-11
-21
-15
-30
-38
-12
49
-36
-11
-16
9
-30
-58
-13
17
6
14
-15
-21
2
-27
2
37
-51
-1
-14
8
-50
-6
-23
-59
-33
-22
-44
-9
19
-45
-12
44
-25
-42
-4
35
-35
5
-55
-84
-45
-8
12
-15
-23
-50
-26
44
-10
14
-6
19
-15
-44
-100
-51
-13
-16
8
-24
-1
-28
-32
25
3
69
-23
-20
-35
-33
-55
-41
-32
9
-2
-1
-46
-31
1
38
-39
-20
-9
-24
-12
-68
0
-37
1
0
-21
1
-31
-4
12
46
-7
-11
6
19
9
-54
14
-8
8
8
-66
6
-78
22
-9
38
-10
0
4
-1
9
-60
10
-9
2
9
-46
7
-73
10
1
39
-24
2
13
1
-19
-40
-8
-32
-10
7
-60
8
-73
7
6
44
-42
-20
8
11
-40
30
-7
-42
-29
0
-47
3
-27
-24
-22
33
-17
-42
2
31
-7
5
-28
-57
-24
-26
3
-26
-10
-24
-29
23
2
16
-26
12
-6
12
-43
-26
-37
-31
5
-36
-7
-8
-13
17
-15
-23
-23
-18
11
-52
-34
7
-6
-23
61
-36
48
16
11
18
-2
17
-48
-52
11
-43
-9
-23
-18
8
44
-4
-37
-2
-19
7
-5
56
-45
-13
31
-41
8
-30
15
29
19
-6
-43
-23
-38
11
30
127
-16
0
24
-50
-55
-39
26
-14
15
-39
-30
-39
-30
8
-8
83
-1
-39
-10
-44
-55
11
1
-18
3
-33
17
-6
-11
28
-19
36
-2
-29
21
-60
-37
-3
-11
-23
-20
-11
7
6
30
45
-34
24
-33
-10
-9
-4
-23
-23
-60
-35
-29
-6
-26
-20
10
45
-54
8
-22
24
-5
-29
-23
-1
-30
-22
-41
-26
-6
9
-11
59
-46
18
-24
21
-5
-57
-33
-11
-16
-17
-47
-26
-9
17
-3
45
-36
-7
-17
4
-22
-31
-12
-90
-23
-21
6
-20
10
-30
4
38
25
4
-10
7
-8
-32
-45
-60
-10
-14
39
-20
-27
15
-29
9
28
68
9
-56
-4
-79
-66
-31
18
-28
60
-40
4
-18
-11
22
4
84
-16
-85
-49
-64
-63
-61
-11
-16
-25
-1
-28
-33
-13
41
-27
14
-39
-24
8
-69
20
-31
3
7
11
-11
-9
0
-6
16
2
14
15
-12
42
-98
28
2
48
14
-9
-9
-39
28
-25
1
-14
27
-2
-42
56
-85
18
12
26
11
29
-3
-54
12
-29
0
3
44
5
-30
38
-89
7
-13
25
14
43
7
-75
8
-4
-5
12
36
8
-53
-21
-37
-22
-31
-9
13
-7
14
-88
-9
-22
19
2
-4
19
-61
6
-38
-35
-20
-24
-27
-3
-35
-13
-9
-14
32
-15
27
-8
-25
-20
-10
-28
-37
-58
-21
4
-25
-4
-29
21
39
-48
-33
-19
0
10
-53
-22
24
-24
-7
10
-18
-3
-19
-3
46
-30
40
-44
3
4
-72
-30
-22
-9
11
-7
-3
-45
-18
-16
42
-13
42
-19
-7
42
-67
-26
-43
13
-9
-14
-25
-15
-28
-37
25
13
81
-18
10
-9
-33
-44
-58
0
-24
-34
-47
-43
-17
-4
46
-37
40
0
-10
-1
-3
-17
-63
-37
-21
-23
-15
17
26
4
24
-25
4
-32
46
48
-39
-22
-2
-12
-32
-6
-29
2
28
4
24
-18
16
-25
10
47
-24
-37
-8
-25
-36
16
-28
-14
39
-14
26
-18
46
-24
-7
54
-28
-42
-19
-2
-33
26
-41
19
23
-2
18
-23
76
-34
-27
35
-25
-73
-44
-11
-41
37
-35
19
-12
-17
-12
-6
56
-24
-13
-6
-52
-35
-15
-11
-10
48
-21
-9
-23
-8
14
-3
59
5
-44
8
-88
-44
-21
23
-11
18
-27
1
-5
-14
31
-6
89
-21
-48
12
-82
-44
-27
10
-13
-27
-35
-25
-1
-22
54
-23
83
-24
-44
14
-41
-23
-28
-10
-37
-3
-48
1
20
4
46
-18
22
-9
-12
50
-63
15
31
8
-28
11
-44
43
49
7
12
-28
-7
-50
8
39
-61
-34
-15
-19
-12
-1
-1
-22
21
23
13
-48
-33
-60
-19
17
-52
-25
-20
-43
11
3
10
-72
-22
8
40
-37
16
-21
-39
15
-92
-20
-7
12
24
31
-1
-60
-35
-9
38
-23
55
-22
-31
-16
-68
-28
-13
2
13
-24
-8
-64
-27
-20
44
-20
6
-12
-21
24
-67
5
35
-11
-17
12
-16
25
11
18
7
-6
1
-30
-6
5
-44
-37
-37
-46
-10
15
12
-47
8
10
29
-20
-30
-52
-28
9
-52
-25
-35
-39
13
14
15
-78
12
-6
34
1
19
-13
-6
2
-49
-62
-27
-29
-13
-29
0
-72
15
-34
47
-17
23
-32
-22
2
-38
-58
-42
-37
-14
4
0
-29
22
4
35
3
35
-14
3
16
-53
-33
-13
-2
-30
23
-24
9
21
4
31
6
24
-33
-15
38
-69
-3
28
-12
-4
23
-14
2
39
1
-3
-9
11
-44
-28
-3
-64
-41
-28
-36
-5
-4
11
-41
4
22
15
-32
-22
-43
-25
-13
-40
-57
-54
-56
-7
-13
8
-42
-31
1
39
-20
32
-14
-26
27
-40
-38
-19
-11
-9
8
-15
-38
-23
-8
43
-11
91
-3
-22
31
-45
-67
-55
24
-11
9
-42
-4
-63
-51
17
-7
127
-20
-26
-38
-38
-59
-39
-9
-16
-29
-27
-13
-41
3
45
-22
35
21
0
41
-57
-28
-23
9
-30
26
-41
17
17
5
22
-24
23
-21
3
52
-60
-23
0
-3
-33
8
-48
10
39
4
14
-20
24
-42
-21
28
-56
-26
12
-7
-24
48
-44
15
23
-2
11
-20
6
-41
-46
28
-64
-12
35
-12
-6
43
-30
4
20
-20
0
-17
9
-61
-40
16
-68
-31
21
-9
0
21
-3
-21
18
3
12
-17
1
-62
-38
19
-54
-42
4
-25
16
-20
15
-30
15
15
17
-36
1
-53
-45
11
-38
-33
-28
-43
22
-13
13
-78
-7
4
35
-45
15
-25
-36
-14
-46
-36
-33
-24
16
-16
-6
-49
-19
-22
52
-29
1
-11
-3
4
-72
5
39
-30
-2
24
-13
-1
-37
1
21
-30
8
-41
-15
-7
-82
-24
12
-9
19
35
-2
-13
-2
-5
20
-23
14
-56
-38
9
-96
-22
-11
-11
30
45
0
-43
19
-19
18
3
24
-36
-59
5
-88
-44
-6
-14
20
12
5
-65
38
-16
25
-7
16
-23
-44
-11
-65
-64
-3
-17
11
12
5
-34
14
-17
29
-13
44
-25
-57
-9
-68
-53
8
-15
16
26
4
-22
22
-11
29
-12
44
-24
-31
-10
-86
-25
23
-14
11
7
-8
-15
-11
-14
26
-28
31
-40
-30
-30
-72
-51
8
-20
1
-6
0
-12
-8
-1
35
-33
20
-52
-28
-11
-50
-34
-41
-39
-1
4
8
-17
-16
13
26
0
21
-32
-24
23
-57
-12
-42
-22
11
-3
14
-60
-4
-16
17
26
50
-8
12
22
-72
-49
-79
8
-13
-11
-18
-42
-45
-37
27
7
94
-7
-29
-34
-33
-48
-53
0
-21
-9
-38
-23
-48
6
42
-42
18
20
-18
8
-66
-40
-1
7
-23
55
-42
44
5
5
7
-18
2
-31
-45
19
-77
-25
30
-15
-7
47
-34
7
14
-18
6
-15
13
-65
-45
9
-64
-7
38
-11
17
36
-24
-11
-1
-24
15
-23
21
-43
-39
-1
-63
-1
39
-5
23
18
-21
-9
-4
-26
18
-32
16
-39
-25
-3
-68
-1
34
-4
24
13
-20
-11
-3
-26
15
-32
21
-39
-27
-3
-72
-10
23
-4
19
15
-9
-13
6
-10
12
-23
16
-47
-29
6
-68
-38
-1
-11
18
-6
8
-17
14
7
10
-23
1
-52
-44
-9
-21
-46
-17
-30
17
2
12
-43
13
0
28
-15
-10
-28
-37
-3
-55
8
41
-21
4
1
-18
-2
-43
-3
28
-50
17
-35
5
-10
-69
-9
26
6
22
11
-20
-7
-11
-24
21
-34
21
-30
-20
-11
-83
-17
23
-6
22
8
-20
-26
-18
-22
26
-32
28
-33
-27
-25
-60
-40
15
-22
-6
-5
-14
8
-21
-21
28
-29
16
-29
-23
-16
-65
-28
16
-12
-4
7
-14
21
-17
5
35
-9
26
-32
2
-20
-62
-30
9
-6
7
2
-16
-14
-33
-19
19
-26
28
-6
-15
-10
-78
-11
26
-5
14
8
-7
2
-25
0
32
-16
53
-22
-16
-9
-57
-32
15
-11
-5
5
-26
6
-11
-20
35
-29
45
-35
-25
20
-65
-18
-10
-5
-17
22
-28
19
18
0
13
7
35
-24
-39
61
-82
6
-1
5
-2
12
-20
-27
40
-23
8
17
46
-14
-38
45
-94
-19
-11
6
-22
15
-44
-18
17
-9
27
-2
27
-7
-64
-2
-41
-28
-5
-11
-20
22
-40
-8
8
1
20
-25
4
-17
-40
6
-63
-14
30
-18
3
48
-39
22
3
-15
25
-35
9
-52
-25
0
-66
-4
35
-6
22
22
-26
-5
-1
-24
19
-29
18
-38
-24
-3
-65
2
35
0
30
12
-21
-11
-5
-23
14
-30
21
-30
-27
-4
-64
2
32
0
29
12
-20
-12
-7
-21
14
-29
27
-29
-28
-4
-63
3
37
-2
28
8
-20
-12
-7
-22
14
-32
21
-28
-27
-3
-63
1
32
0
26
12
-21
-12
-5
-25
15
-33
20
-36
-26
-1
-71
-1
33
-4
22
13
-20
-8
-2
-20
12
-27
9
-34
-28
-21
-60
-22
7
-4
17
-5
-12
-11
-5
-5
21
-28
-17
-35
-26
4
-61
-16
23
-13
1
11
-8
21
-8
8
36
-27
21
-37
15
-8
-57
-48
16
-11
3
-1
-6
-11
8
-9
32
-13
13
-15
-17
-16
-76
-17
21
-18
15
-11
-8
-21
-27
-3
39
-49
30
-30
-21
-27
-58
-7
-3
-29
6
-19
-5
-20
-32
8
43
-43
22
-7
-4
6
-54
-26
-42
-1
3
8
-15
-13
-5
-22
33
9
76
-17
-26
-12
-44
-33
1
2
5
-11
-12
-17
-5
-13
24
-12
59
8
-8
3
-71
-11
8
3
8
-9
-6
7
15
0
24
-11
43
-12
-2
-3
-62
-20
13
0
-3
-2
-20
3
3
-4
26
-15
28
-20
-11
12
-68
-8
15
6
-1
20
-29
8
10
-1
6
-5
14
-18
-21
32
-72
13
39
9
10
1
-15
8
25
-2
0
-2
13
-37
-19
22
-74
2
28
6
-1
6
-27
-4
5
-3
11
-6
6
-40
-34
15
-63
-4
35
-10
6
31
-27
-5
3
-15
10
-16
12
-42
-42
2
-61
2
38
-9
24
22
-21
-10
-1
-22
15
-30
21
-35
-31
-2
-62
3
35
0
29
10
-20
-12
-3
-24
13
-30
22
-29
-27
-4
-61
3
33
1
29
9
-21
-15
-6
-23
13
-32
24
-29
-25
-4
-63
2
35
1
30
10
-21
-13
-6
-21
13
-30
23
-31
-27
-6
-63
4
40
0
29
7
-22
-10
-6
-23
13
-33
16
-29
-27
-5
-64
4
40
2
28
7
-24
-9
-7
-24
13
-33
16
-30
-28
-7
-66
0
44
-3
23
7
-24
-4
-10
-21
12
-39
6
-31
-24
-27
-55
-11
10
-5
17
-11
-14
0
-14
-2
28
-33
-20
-34
-8
-11
-63
-54
3
-11
-1
-7
3
4
-23
20
22
-2
-8
-33
4
-14
-6
-86
-16
-44
-12
-6
3
-3
-19
-34
-2
22
22
-27
-11
-8
-71
-52
2
-29
2
7
6
-8
-27
4
34
-2
52
-34
-6
9
-63
-17
-5
-14
6
-16
-2
-19
-3
-3
26
-1
22
-14
24
38
-73
-18
13
14
4
1
-23
-12
26
-12
18
3
22
-19
-20
13
-57
-24
14
1
-14
1
-21
6
9
7
17
3
12
10
-18
20
-73
-6
16
2
-5
5
-8
11
18
14
21
0
35
-19
-7
11
-73
-24
5
12
-7
-1
-23
-6
-1
0
26
-2
49
-24
-23
-13
-70
-31
21
-6
5
23
-13
-5
-14
3
19
-19
27
-24
-25
-5
-77
-12
30
-11
16
13
-13
-8
-16
-11
21
-22
19
-40
-30
-2
-69
-1
44
-3
22
8
-21
-8
-9
-23
15
-30
13
-35
-26
-2
-64
2
39
-1
25
11
-23
-10
-9
-20
16
-31
14
-33
-27
-5
-63
2
35
2
29
7
-21
-12
-6
-19
16
-30
20
-28
-26
-5
-62
1
34
2
29
7
-21
-12
-5
-19
15
-32
20
-30
-23
-8
-61
0
33
1
28
6
-22
-12
-8
-21
17
-33
19
-29
-25
-4
-65
4
40
2
29
5
-23
-7
-7
-20
15
-31
15
-28
-24
-8
-63
1
37
1
27
6
-23
-9
-9
-21
15
-34
17
-28
-25
-10
-63
1
39
1
27
6
-23
-6
-11
-19
16
-34
20
-27
-23
-10
-66
-1
43
-3
24
5
-25
-4
-8
-22
17
-39
11
-32
-23
-25
-53
-10
13
-4
18
-10
-13
0
-8
-5
27
-34
-18
-34
-9
-10
-39
-48
0
-33
-29
-8
-3
-3
-28
-2
26
13
-10
-5
19
-1
-70
-32
-2
1
-3
32
-13
-4
-11
-10
15
1
29
-34
-51
-25
-60
-43
-39
-14
2
25
10
-34
-32
-5
15
10
18
-3
-33
18
-35
-33
0
-5
-17
2
-5
-10
-7
-18
3
19
29
-25
-8
15
-38
-30
4
-12
-5
-18
-19
10
-2
-44
13
-13
7
-42
18
1
-42
-28
7
-12
-13
-21
-21
19
-12
-21
13
-8
10
-10
5
8
-68
-25
15
-16
-10
11
-15
5
-7
3
32
0
39
-9
-27
21
-81
-47
11
6
-17
6
-23
6
11
-4
24
2
28
-34
-36
-9
-44
-52
30
-29
-12
19
-9
-35
-11
-18
24
-18
20
-14
-25
-3
-70
-12
40
-16
12
16
-13
4
-10
-14
31
-26
24
-36
-11
-7
-65
-5
38
-6
20
0
-22
-4
-6
-26
25
-30
20
-24
-16
-5
-66
-4
39
-2
22
1
-21
-6
-2
-22
21
-28
19
-23
-21
-6
-65
-5
37
-4
21
1
-21
-8
-3
-24
23
-29
21
-23
-20
-4
-65
-6
36
-3
22
3
-20
-11
-2
-24
23
-28
23
-26
-19
-6
-64
-4
38
-3
22
0
-22
-9
-5
-25
23
-33
23
-22
-19
-5
-65
-3
38
-3
23
0
-21
-9
-5
-24
22
-31
25
-21
-20
-6
-64
-4
35
-4
22
0
-21
-10
-6
-25
23
-32
24
-23
-20
-10
-64
-5
32
-4
24
-2
-21
-13
-6
-21
22
-33
31
-23
-20
-15
-67
-8
36
-15
19
-9
-21
-4
-5
-19
28
-37
26
-24
-17
-23
-56
-17
7
-12
17
-20
-14
-12
-9
-13
33
-34
-8
-31
-4
5
7
-33
-37
-37
-29
26
-14
-15
-6
-30
23
19
15
3
-20
26
-78
-25
13
7
6
37
-21
-24
11
-4
38
-13
27
-44
-41
-13
-24
-59
-39
-12
21
5
-3
-57
-8
-18
33
-30
35
-17
-52
2
-49
-28
-8
-4
19
15
-5
-11
-3
2
29
-26
17
-32
-16
15
-40
-10
-4
4
18
2
-14
-7
-3
-22
16
-15
22
-35
-6
34
-1
-26
-33
-6
-4
-2
-15
-6
-1
-63
-35
8
22
-48
10
10
-31
-15
17
-17
1
17
-4
-31
-16
-8
25
-19
26
-22
-8
19
-70
-24
21
5
17
14
-10
-16
20
-8
29
-19
14
-39
-28
5
-35
-28
-4
-2
17
-8
-3
-31
6
-11
37
-37
23
-27
-19
15
-50
-24
13
0
19
-2
-5
-20
21
-11
38
-36
21
-32
-13
16
-44
-26
10
-1
16
-2
-9
-16
28
-18
38
-35
15
-31
-10
17
-46
-25
13
1
17
-2
-9
-19
31
-20
39
-35
16
-32
-10
18
-46
-27
11
1
19
-1
-8
-19
32
-19
38
-36
17
-31
-12
20
-45
-24
11
1
19
0
-9
-18
30
-17
38
-33
18
-31
-9
20
-46
-25
12
3
17
-3
-9
-18
31
-19
39
-33
15
-31
-10
19
-45
-25
11
1
20
-1
-7
-20
29
-16
36
-35
17
-32
-12
20
-50
-25
12
1
19
2
-8
-20
30
-18
37
-33
19
-32
-12
21
-51
-24
11
2
21
2
-8
-19
29
-16
35
-31
22
-32
-14
18
-53
-20
12
-1
19
4
-8
-17
24
-15
34
-28
26
-30
-16
6
-48
-32
-4
0
13
1
-14
-19
13
-15
36
-31
22
-31
-24
