-39
11
10
-20
27
-11
15
-22
31
17
8
32
16
20
3
7
20
17
25
19
15
7
-3
-13
17
10
13
-14
21
23
3
27
6
-2
-15
2
-32
-30
1
11
-12
18
3
-8
19
-12
-1
-6
14
14
-8
30
4
16
-2
-6
19
18
38
22
8
-1
-21
-7
9
9
33
-17
6
32
23
-2
18
8
-1
8
-26
-32
22
11
-13
35
-2
-15
-14
3
12
18
10
-27
9
19
-6
1
3
-5
27
32
19
29
-12
8
-25
-5
-1
-10
-4
6
15
18
26
11
16
-3
-2
16
-29
-20
9
16
5
27
7
-35
-15
-12
-25
6
9
-35
24
7
5
-21
-9
-19
49
5
10
45
-44
41
-12
9
8
-11
-16
33
-1
17
-1
19
40
-22
0
36
13
-19
14
28
-15
22
18
-16
-19
-62
1
-4
34
-15
23
-31
44
-22
28
-23
51
-22
0
22
-47
-26
18
-15
58
-5
14
0
6
-17
-5
41
28
8
-63
3
-9
7
-61
-34
25
-8
28
23
24
5
-33
37
-13
-6
1
-7
48
5
-25
5
-2
5
11
-4
-10
-14
-38
7
15
-1
47
17
24
-20
-21
21
18
-13
-6
-16
29
1
-28
-23
-6
17
0
-10
21
-15
-3
-1
2
11
-4
28
19
20
-18
-4
21
15
37
6
-16
14
-6
-17
21
19
18
-5
21
9
17
27
8
-6
-28
-8
-34
-19
-2
-1
-24
20
8
-20
27
-6
-1
7
7
19
-7
40
5
17
-2
-2
23
4
40
11
-2
8
2
-16
13
15
12
-18
14
1
19
24
5
7
-9
2
-45
-32
-1
0
-19
42
22
-29
20
-13
-6
2
14
16
-5
39
1
2
-12
-11
23
14
39
15
-14
22
-9
3
-5
15
25
-13
11
4
28
-1
10
-3
0
14
-41
-31
14
3
-33
31
2
-26
25
-18
8
-26
25
22
-3
31
13
18
-6
-9
25
17
28
7
-8
6
-5
-18
22
17
11
-15
24
10
22
33
-2
2
-29
7
-47
-29
-1
-1
-1
-22
2
18
-5
17
28
19
26
1
23
-7
12
16
27
32
18
13
-1
-18
11
5
0
-24
14
24
-6
21
4
8
-1
27
-13
4
-19
-21
-9
26
-8
9
11
-17
-3
-4
-14
27
14
36
7
4
18
-19
-1
23
22
24
38
0
-17
-11
5
2
-13
-22
-2
30
9
19
-12
-4
13
18
4
12
-2
-24
-2
22
3
15
19
-9
9
-7
-26
35
8
33
12
-18
26
-9
-12
18
22
8
39
23
-4
-10
-9
0
-32
-21
-1
16
-37
29
1
-5
36
26
4
-1
-10
-21
-25
30
-18
17
31
-10
8
-30
-33
18
-20
23
37
-2
20
16
-23
-13
16
-29
8
5
-15
47
-31
43
1
37
-12
-37
-16
1
-28
2
7
8
4
9
25
-7
15
20
30
34
52
-11
-14
2
-40
-37
-1
6
-3
26
23
-10
-6
-40
51
-65
17
-25
2
31
-67
-1
4
30
20
-61
-7
-7
-35
-44
16
3
-21
49
-17
-12
-16
47
-45
4
36
-44
7
48
-6
5
-10
40
-19
11
16
7
-14
28
22
-23
23
-19
-67
-7
-45
-15
7
23
-21
-24
26
10
-17
-37
-38
-6
-9
7
22
-45
-12
43
-3
-22
24
-26
-4
29
1
14
8
20
1
-17
11
-26
-3
23
3
-1
18
2
-8
-47
-22
-17
-10
-3
2
24
13
13
-8
-21
11
23
-10
4
-6
-44
-12
32
-4
-7
6
-33
-6
13
-8
14
12
12
3
6
5
-5
-7
23
-6
6
16
-3
-2
-21
-2
-10
7
4
-8
23
17
10
-7
-9
20
15
-17
7
7
-29
-12
20
19
15
-3
8
9
-1
-8
20
5
17
-6
3
19
1
-23
1
11
-6
20
11
4
-26
-12
14
2
16
-28
14
25
14
-11
-2
9
1
-11
0
12
-29
-26
25
25
5
-32
4
-1
-12
11
1
28
-13
28
7
17
13
-12
5
4
-2
20
17
7
-30
6
0
-6
-24
12
14
19
-5
7
8
5
38
-26
17
-12
-23
-29
0
14
5
12
-5
-14
14
8
17
26
14
17
3
20
5
15
-4
21
27
15
36
18
-2
25
-6
-15
-10
-3
9
-5
2
18
2
1
27
-14
6
-17
-15
-2
17
-6
15
41
3
20
-10
13
39
16
60
-1
-12
17
-13
-1
19
21
27
18
28
22
-16
27
8
-48
-13
1
11
4
29
-16
-6
5
19
8
-10
-3
-34
6
43
-1
3
58
-5
10
4
14
32
12
62
13
2
16
-35
-14
1
34
4
-2
32
13
-49
5
-5
-25
16
5
0
-4
8
-27
-25
6
26
-3
13
12
-26
19
48
-19
-4
51
6
10
2
15
27
6
24
-3
9
16
-12
-5
-5
11
7
-6
30
-3
-36
-17
29
10
22
-6
10
-17
-18
-29
-7
3
22
0
5
25
-17
29
38
26
9
62
1
-6
15
-8
14
-4
20
-31
30
6
-19
-9
-20
27
-10
3
6
20
-33
-35
1
-6
16
-13
-15
-2
-13
-49
-20
25
31
-19
18
-1
-32
4
37
4
-22
37
11
1
9
-9
3
11
17
-24
44
17
-5
-20
0
40
1
25
-15
-10
-19
-26
-14
32
-5
-7
-2
-9
-2
-64
-19
-8
27
-20
6
17
-22
-6
37
17
-11
25
-34
8
29
7
3
5
41
7
19
23
-37
14
4
35
26
34
15
-35
-63
-1
-48
-10
1
-12
2
0
4
-35
-32
4
36
-16
9
0
-31
8
41
-28
-7
18
-30
15
30
20
-5
-11
21
-21
-8
10
-4
34
-1
-18
37
5
18
-12
-41
-12
-3
-9
8
-18
11
40
16
7
-14
-20
34
-7
-23
7
-22
60
30
5
0
19
1
4
-14
-12
40
-9
10
11
-3
5
-11
-10
0
24
24
-5
23
18
-11
-18
3
-1
6
-19
16
-19
32
-1
24
14
19
-5
-13
-1
-3
12
26
10
-2
0
-26
-21
-6
-8
-2
25
-17
20
7
19
-27
-1
-14
3
13
26
18
6
-34
2
-21
9
5
3
-2
-4
12
5
11
-2
21
-21
15
-27
-12
0
8
-2
10
23
-8
-18
26
-3
3
10
11
23
-7
36
11
1
-12
27
2
2
16
9
5
18
4
1
8
0
15
-21
-9
-2
21
1
5
-8
13
1
-4
1
4
2
35
39
-21
-5
36
1
6
12
5
44
-17
11
-26
32
7
31
-4
-11
-16
1
0
4
-17
-1
0
42
7
-40
0
-16
11
-19
0
3
46
17
-2
1
5
9
3
44
9
25
22
-1
-18
23
9
-22
15
26
-22
30
-28
33
-6
28
-8
9
-14
-22
-7
17
30
34
8
-15
6
-29
-46
20
2
3
15
-10
-2
5
35
-19
7
40
-3
18
33
16
32
12
56
-29
7
27
-14
5
-8
4
22
27
11
-8
-18
2
-5
-12
12
-27
-4
31
8
-16
-45
-6
13
7
-8
21
-18
28
32
1
-15
44
15
10
10
21
27
-5
49
-37
14
23
-30
-15
-1
16
51
19
8
19
-55
5
4
-26
-24
-33
-8
7
11
-26
-23
17
31
-10
10
-3
-28
-6
63
-1
7
59
-17
-6
8
23
10
2
24
-19
25
23
-31
-2
-8
22
-1
42
7
4
-37
-8
-35
-27
5
-21
-45
34
-9
-59
-42
14
33
-25
13
-2
-50
3
67
14
-13
42
8
-15
31
0
-29
9
5
-1
45
34
-18
11
-4
29
7
11
-19
-28
-35
-26
-25
37
11
-5
-16
12
-3
-28
-23
-6
15
-29
20
14
-17
4
46
-4
-9
15
-6
8
60
1
2
9
12
-44
7
14
-18
44
5
-11
22
2
-10
-44
-38
-31
-16
7
32
-9
-9
32
-1
7
-43
-20
27
-8
-26
26
-8
52
25
19
-22
26
16
2
13
0
37
-21
24
-13
4
3
-21
-7
9
6
5
-14
0
7
-6
-24
5
16
15
-20
1
-14
20
6
-21
32
13
6
-11
18
-2
14
34
23
5
1
3
-23
3
-7
3
12
9
-13
30
14
-8
15
-6
-35
-1
38
16
2
-13
7
-3
40
7
24
-19
-11
-3
-6
-16
27
32
-7
2
-33
5
-18
16
23
10
-2
25
-2
-4
30
21
0
23
5
21
21
31
-22
-4
-24
5
12
37
7
-5
21
23
6
12
-17
-18
11
-14
-8
6
14
28
16
4
7
-8
-13
3
30
30
21
25
-2
3
30
-1
-6
37
-27
24
20
15
-3
-10
-6
-23
-4
-16
-10
-7
9
-19
20
41
-11
-69
29
-22
-29
-27
-5
8
9
24
26
-19
-4
11
62
-2
19
35
0
12
41
2
1
33
-69
46
13
4
-6
-6
-25
2
2
-6
-2
-43
-13
-26
19
29
-5
-35
33
-39
-35
-57
5
12
11
9
20
-22
-28
19
25
-5
29
19
2
12
43
13
-5
51
-55
15
9
-5
5
-5
-33
-5
21
3
21
-9
2
-6
19
17
-22
-35
49
-24
-26
-11
-2
-2
2
9
7
-29
0
-2
51
-4
21
24
1
33
18
19
12
32
0
20
22
-21
-7
-33
11
23
5
13
-18
-42
5
-17
26
-15
-15
-18
-35
-2
5
-15
-13
34
-19
39
47
8
37
5
12
1
33
7
5
32
21
-23
-15
-21
-20
36
11
-50
40
-26
32
-16
5
12
-3
-41
-9
10
68
-19
21
13
-19
-10
-19
-15
-8
47
-3
22
11
-16
21
11
-3
-16
28
2
-3
47
34
-5
-20
11
-53
41
22
-9
35
3
-1
12
-19
6
-7
-41
25
-11
36
4
-22
6
3
0
-19
-30
-2
14
-21
-21
35
-2
45
11
30
-20
14
-1
-9
38
44
18
-21
0
-55
28
-1
9
17
13
-1
11
-14
0
16
-16
26
1
60
-3
-2
1
-7
-3
-15
-11
-17
3
-7
-24
17
-12
35
-4
40
4
7
27
3
9
42
13
-11
10
-28
-1
19
-3
0
-2
-5
8
-5
33
8
-20
12
18
69
12
-22
14
-8
-1
7
-3
-4
-17
9
-7
39
12
33
1
34
4
-18
29
-11
25
-2
-1
44
8
-15
38
27
8
8
1
-18
4
11
16
-19
-33
6
9
70
4
25
-15
-17
-18
6
-7
4
30
-18
19
9
14
12
-5
23
-7
1
22
-9
20
50
35
-5
15
-3
27
7
-3
-4
7
-1
21
-10
19
2
-27
23
-4
14
-25
-23
-2
9
7
2
-1
-12
21
-5
-5
25
-11
15
4
36
0
33
18
-20
46
52
14
-30
11
-58
27
-9
-30
15
1
9
-8
-30
-5
7
-30
7
-13
72
-14
-11
12
-3
11
-26
-26
-26
-5
-19
4
68
3
41
5
51
-17
30
21
-10
39
50
17
-14
-9
-45
42
-13
-24
17
8
44
-3
-24
-22
1
-36
-17
-5
73
-14
4
6
-34
2
-29
-26
-32
5
-26
7
76
0
32
-5
40
-25
43
22
2
46
49
-19
-29
10
-58
31
12
-19
38
5
15
-28
-22
-13
-4
-29
-14
16
67
0
-16
-8
19
11
-29
-37
-7
-7
-9
25
56
6
44
23
59
-9
23
23
-13
33
44
-2
-32
10
-48
35
22
6
-10
-5
10
-25
-39
4
-12
-25
8
7
42
35
-35
-33
14
-5
-33
-41
-5
-13
-10
30
65
25
31
9
56
23
13
23
0
39
38
-14
-28
5
-62
62
3
33
-8
-6
20
-13
-43
-9
-16
-26
15
24
76
13
-24
-25
-3
10
-23
-26
-39
-5
-16
-6
54
24
49
-8
37
7
4
-17
7
41
45
-16
-66
2
-64
40
-3
18
-9
10
-11
-17
-35
-28
10
-7
53
19
74
-10
-22
-22
14
8
-4
-5
-51
-1
-4
-15
54
5
69
-34
30
5
12
1
4
22
86
-46
-54
-2
-55
65
3
24
-11
19
7
-43
-16
-50
10
10
73
34
93
5
-21
-10
18
1
-23
-1
-33
-32
7
-4
51
0
67
-48
31
0
-14
38
17
40
67
-21
-25
-2
-65
26
11
25
-17
12
-9
-27
14
-1
-36
-8
38
-5
85
16
-33
3
33
-10
-27
-35
-11
-36
20
-6
70
29
55
-20
20
13
-34
40
-26
40
21
0
21
-18
-16
17
21
21
11
-6
-36
9
3
28
-20
-25
40
-21
34
25
-13
-24
6
-39
0
4
14
2
-5
3
27
21
11
-21
37
35
11
-5
-4
6
36
14
11
11
24
33
14
-17
13
6
16
11
-10
-1
7
-20
39
5
4
-20
-15
-25
-7
-12
24
6
-19
24
-12
14
11
-6
-12
10
16
-21
51
4
-12
26
77
-20
-23
36
-30
72
11
-11
27
-11
-10
-16
-42
-6
-6
-19
27
28
21
21
-44
-43
41
-11
-5
-34
-32
-14
-11
17
70
-8
34
28
58
4
44
0
-9
12
82
-20
-24
27
-22
66
11
7
25
-6
7
-23
-56
-8
13
-11
26
39
24
28
-53
-41
31
-19
-3
-28
-35
-27
-20
16
73
-5
26
19
68
13
23
15
-10
18
69
-19
-16
13
-37
59
8
14
16
-3
-1
-33
-46
12
0
-15
30
20
29
14
-44
-56
17
-16
-2
-27
-20
-14
-19
10
59
4
33
-1
54
13
-6
26
-6
23
78
-5
-45
0
-53
51
-24
8
-6
2
-21
-31
-51
29
34
4
59
7
62
11
-22
-34
4
-25
-10
-17
-15
-24
2
-7
66
21
53
-43
56
25
9
15
13
40
75
-27
-50
15
-73
68
-24
28
-10
13
-22
-53
-45
8
38
23
74
25
63
5
-6
-28
22
-12
-7
-5
-18
-33
11
-5
65
20
57
-57
47
14
1
4
10
28
77
-44
-15
-5
-57
69
-9
36
-21
21
-1
-50
-40
-39
20
27
64
28
62
14
-34
-34
14
-21
-4
2
-20
-20
4
18
69
13
48
-43
24
-6
-15
19
-5
41
75
-49
3
-23
-46
70
-14
12
-25
32
0
-26
-15
-52
-9
20
34
28
68
5
-21
-6
2
-24
10
11
-19
-27
20
35
79
21
37
-43
15
-28
-15
30
2
33
44
-21
8
-5
-23
50
6
12
-18
20
2
-5
15
-12
-28
12
44
-11
49
-4
-21
-20
-6
-31
-37
-5
25
-23
35
32
79
16
36
-14
8
-17
-31
29
-26
46
28
7
9
-21
0
18
18
6
-7
2
-21
15
20
25
-25
-16
41
-25
23
-11
-18
-9
-3
-38
-17
14
36
1
26
27
40
19
16
-10
7
23
17
1
-3
-1
5
-2
34
4
20
33
25
19
30
-6
47
12
-25
-10
10
-19
16
11
28
-7
3
6
-21
-1
25
6
-28
20
-42
22
17
-4
3
1
5
-26
11
-23
7
41
12
11
11
36
-33
43
12
1
38
0
25
27
0
-9
-29
-22
2
3
17
22
-9
-10
45
21
1
-46
-34
21
-14
-2
30
10
44
8
17
-7
15
-34
-3
0
16
14
7
22
-7
19
-3
0
26
2
28
28
-7
-7
14
13
14
-2
11
16
-5
8
31
22
3
-23
-18
-3
-5
6
19
6
18
3
31
17
22
-27
-20
9
23
10
11
23
2
26
-2
-1
10
7
33
12
-28
-7
21
12
23
11
11
-4
0
7
14
21
5
8
-20
-6
-13
39
38
11
4
-11
30
1
36
-22
0
22
39
-16
27
31
-26
39
8
10
18
7
33
2
-18
-43
-4
7
10
28
22
4
11
6
31
18
-10
-19
-19
-11
-3
71
57
31
12
-3
23
-24
27
-18
2
36
28
-13
29
24
-23
26
-6
2
-1
19
25
21
-8
-44
-14
12
-6
17
2
8
21
8
23
25
-6
-11
-6
-9
15
87
66
46
7
0
10
-14
24
-4
-7
25
18
-16
18
9
-6
11
-16
-13
-13
23
24
33
-12
-18
24
27
3
7
-8
-1
25
18
5
21
-4
22
13
-6
28
84
49
42
-4
1
-4
-11
29
2
-8
8
-1
-30
21
10
0
5
-13
-6
-17
17
33
34
-4
-7
33
34
2
-1
-14
-3
25
11
-2
17
-7
31
25
-4
26
84
34
27
-16
8
-10
-19
29
20
-7
20
-7
-12
20
24
3
15
-7
-3
-21
2
33
37
8
20
9
14
-8
-13
-6
-22
21
3
-6
13
-27
7
38
6
28
79
45
23
-9
20
-18
-33
18
8
-20
24
-9
-1
27
7
9
19
9
7
3
-5
21
44
16
38
-14
-12
2
-17
-1
-26
7
6
1
-4
-20
3
34
23
19
57
18
16
-7
22
-20
-15
