5
-4
-31
-7
31
1
30
10
-26
-24
-22
5
2
12
-1
7
-2
-28
-9
-6
23
-1
13
2
-12
-7
-8
-3
-15
6
-5
-10
8
-39
-12
23
18
-9
-1
-9
-9
13
-5
-4
-16
-12
-7
-15
4
-31
5
23
17
-1
13
-24
-12
26
-14
-12
-13
-13
-13
-6
-4
-33
3
30
5
-21
-1
-20
-1
18
-10
-19
-16
-14
-21
-9
-9
-36
10
9
21
-21
13
-20
3
3
-11
-14
2
6
-18
-8
-7
-43
-1
-11
49
-19
-8
-5
-13
-9
-52
-3
34
24
-33
-21
-26
-13
-22
-25
-8
-18
-8
-15
1
-27
-2
-5
6
-13
8
-17
5
-66
-1
-26
42
-19
35
2
-7
-21
-43
13
67
40
-7
-56
-15
-41
-45
-31
18
-37
26
8
-28
-26
-62
10
33
36
0
-27
-21
13
-53
-27
-10
-9
10
-1
10
-38
-12
12
-18
-3
26
8
-11
-20
8
-35
22
-4
25
12
29
-5
-15
2
28
32
-12
9
-8
-40
-37
28
11
-32
-5
25
-25
-30
-26
5
-15
5
-9
-23
0
0
-17
-11
-7
10
9
13
-25
-41
0
13
-40
-34
3
-16
13
-26
5
-9
30
8
31
2
-40
-17
-18
15
-2
1
-7
-18
13
-31
-23
-10
26
-12
13
-8
-48
0
-24
12
4
2
-12
-27
6
-22
9
-10
20
15
21
-15
-29
12
-19
-5
17
16
-30
-3
-1
-23
-37
7
1
-19
0
-2
-28
-16
-9
3
-7
-4
-10
-25
-2
-4
-11
10
-12
1
6
1
-14
-30
5
-2
-14
-7
-10
-15
-6
-3
-40
-3
-5
-17
16
1
-25
-19
-1
5
-12
-24
3
-25
1
-41
2
8
34
-9
48
-18
-36
-24
-45
6
10
19
-14
-26
-3
-45
-3
19
10
-3
-8
-37
-6
-19
14
-22
-10
-14
-5
-42
5
-47
-17
39
-11
1
-5
-34
-2
23
17
-19
-5
-21
-18
-36
-1
-42
-13
26
4
-10
19
-50
-22
24
-13
-17
-3
-26
-24
-43
-13
-31
-18
33
4
-23
-10
-49
4
1
14
-25
-7
-25
-20
-40
-11
-22
-17
-9
-4
-21
7
-46
22
-3
1
-12
-15
1
-28
5
-5
-19
-30
-11
-6
-15
-3
-21
28
0
-26
24
-7
19
-35
3
-14
10
-37
-8
-55
-14
26
-33
31
-37
1
28
-62
-26
3
16
3
-74
2
-52
-12
-17
52
3
31
-42
-16
23
20
54
-28
7
-26
-36
-15
-10
-14
-7
39
-9
-9
-29
-40
11
-19
24
2
8
0
-6
1
1
-25
5
28
9
11
-18
-10
14
-39
-15
12
-4
23
-46
-4
-15
-3
-8
45
10
-1
0
-23
18
-17
9
-2
-3
-6
-52
-8
19
-14
-7
0
-12
-24
-39
-4
3
-17
3
1
-25
-5
-28
5
-14
-12
4
-5
-23
-34
-40
-6
0
-45
-10
1
-6
1
-59
18
9
10
0
5
-18
-43
-19
4
-1
-15
-6
-19
-28
-6
-48
4
2
13
-5
17
-11
-31
-8
7
14
14
-4
-37
-39
2
-44
-5
-21
1
-3
7
-31
-22
-6
0
21
13
18
-21
-17
-3
-37
-28
-2
-2
-7
-22
-28
-23
-35
4
20
-13
-12
15
-28
-1
-35
2
-1
-5
-2
-13
-15
-25
-43
4
-2
-10
3
15
-13
-16
-21
-18
9
10
-2
16
-12
-35
-34
-21
8
-5
-28
19
-22
3
-34
2
-17
14
-20
9
-29
-28
-15
-14
8
6
27
-25
-13
-13
-14
-15
-18
-11
-9
-9
-36
7
-11
6
2
-13
-7
-22
0
-14
-47
-2
9
7
4
-24
-39
-10
2
3
-28
9
-8
-18
-37
-22
-36
-11
19
2
-16
-11
-47
-12
-11
-13
-14
1
-5
-9
-46
-15
-12
-20
-6
3
-22
-6
-50
36
1
-14
5
-22
7
-14
7
2
7
-34
-17
-14
-12
16
-37
25
14
-8
19
-40
7
-41
20
14
1
-56
-12
-11
-24
31
-25
14
-11
-3
13
-10
-8
-26
9
-2
-13
-24
14
-48
-23
32
-5
7
-34
-1
13
-36
-26
-11
-18
6
-50
11
-17
-24
-9
41
15
-3
-33
-22
21
-2
44
-46
-15
6
-1
-18
18
-52
-23
32
-23
5
-40
-33
12
-37
1
-16
-5
29
-20
-4
42
-33
-10
42
16
8
-16
-12
2
-25
-25
-19
-36
25
-51
-42
40
-5
-1
57
22
-1
-10
-24
39
-20
-10
-15
-51
-3
-25
-37
9
-47
13
-12
-2
-16
-22
16
23
-45
5
-24
-16
0
-26
-19
-24
-29
3
-11
-8
-24
-31
7
18
-43
-2
-10
12
12
-50
-8
2
-2
11
-5
-20
-56
2
2
-3
-42
-13
-32
-13
0
-32
-4
-2
-6
0
-14
-27
-29
16
-2
17
5
3
-43
-23
-5
-31
2
-5
-20
7
-26
-39
-10
2
6
10
-5
16
-28
-4
2
-18
-5
-9
-14
2
-33
-29
-27
-15
16
20
-28
-12
1
14
7
-22
21
7
-23
6
-26
-29
-37
-22
-6
1
-41
6
3
6
-19
-22
-2
9
-5
-5
-14
-12
-29
-29
-10
9
-15
-24
7
-20
12
-11
8
-20
4
-25
16
-19
-9
-8
-2
-3
-11
18
-23
25
-13
9
-15
-15
5
-32
15
-10
3
4
-22
18
-35
7
-38
12
-26
-17
10
0
8
-22
-49
-16
-4
-28
-7
14
-29
23
-30
-2
-32
-9
12
-11
3
-13
-40
-24
15
-18
-18
21
-45
14
-12
14
2
-7
-15
-7
-4
-13
1
-26
24
-8
-9
28
-40
27
-26
23
17
-22
-14
18
11
-16
38
0
-24
-1
-33
25
-21
6
-50
-34
27
-3
-39
32
-14
-27
29
0
-35
-14
-29
30
-10
-14
-45
-33
29
-39
-21
0
-49
-9
12
-3
-52
-30
-6
31
-40
-17
-23
-26
34
-51
3
8
5
5
21
-18
-36
-36
-19
23
2
44
-20
-31
38
-18
-19
-4
-53
-5
23
-37
-12
-42
-7
25
-33
1
9
-18
53
-51
7
29
-34
-11
39
-12
-37
-23
-29
-3
-8
0
-8
-50
29
-54
-21
34
-13
-3
48
22
-46
-13
-27
42
9
-13
-40
-61
11
-18
-47
2
-20
-6
-15
7
-26
-32
-14
28
-23
21
-40
-29
6
-7
-35
-34
-36
2
-20
21
-56
-23
1
37
-59
-9
-28
-9
11
-28
-20
-17
-2
-2
-6
15
-37
-5
7
32
-26
-17
-8
2
12
-13
-29
-1
-2
-12
-22
-12
-32
3
13
12
-5
-2
-26
5
13
-15
-26
-5
-20
-12
-15
-22
-27
0
24
-9
-12
-2
-11
15
28
-43
-27
21
3
-17
1
14
-42
1
9
0
-23
-6
0
-13
3
-34
0
8
2
-1
-21
13
-46
-3
2
16
-15
5
8
-17
-16
-3
-17
-8
-14
-3
-12
-6
-26
-27
4
4
-16
-18
10
-4
7
-5
-25
-5
-19
-31
19
-18
14
-9
-7
7
-23
32
-12
14
20
-19
-30
-8
16
-30
23
-21
15
5
-9
23
1
11
-20
-18
-3
11
-53
-43
-19
-32
-5
-19
34
1
-19
13
-9
20
-13
51
0
5
-48
-31
-37
0
-8
10
14
4
12
35
-42
6
-2
38
6
-22
-10
-36
-29
-11
11
31
-19
-23
-9
43
-25
33
-21
2
31
-49
-31
-28
-18
-30
-2
23
-56
-23
-2
54
20
19
-8
-52
34
-38
-34
-22
-41
-25
-43
2
-28
-6
-16
40
2
24
-7
-35
29
-17
-4
-10
-67
0
-15
5
-49
-10
-12
31
-55
-7
-26
-11
37
-21
-20
2
-48
7
10
3
-42
-33
11
44
-31
42
-30
-4
28
-19
4
-6
-71
7
-14
-25
-25
-43
14
32
-36
14
-6
1
48
-70
-15
15
-31
-1
25
-14
-57
-22
-10
7
1
11
2
-69
38
-57
-39
-14
-53
0
3
-20
-31
-21
-13
35
22
17
7
-74
21
-34
-40
-11
-37
-8
-9
10
-33
-31
-23
20
6
31
-26
-42
13
-14
-29
3
-8
-4
6
18
-51
-38
-38
26
-34
13
-37
-37
-6
-17
10
-17
-17
-2
-7
35
-36
-36
-16
20
-30
-5
-41
-31
-10
-23
0
-10
4
-4
-30
12
-29
-21
5
-6
11
5
-22
-17
-12
5
4
-35
-1
12
0
-19
-51
-25
-37
-12
1
17
-9
-1
-3
-39
7
-12
7
-3
-11
-7
-50
-16
-15
13
-3
21
1
-30
-9
-42
10
-15
23
20
-33
2
-39
-35
7
30
15
19
14
-33
-25
-1
-30
-9
0
3
-4
-1
-23
-42
-3
-10
2
1
26
-27
-28
12
-54
-40
-33
-25
40
7
23
-15
-24
17
7
29
-15
6
-2
1
-24
-50
-23
-8
5
-15
-13
-12
1
16
1
12
-33
10
13
19
-29
-38
-26
-22
26
-2
0
-5
-5
12
-26
3
-16
20
0
-15
-18
-1
-22
12
52
38
2
-14
-13
15
-31
18
-10
-20
21
-25
-26
-26
14
-25
29
54
-15
-41
-18
34
-9
55
-26
16
-1
14
22
-18
-13
-14
-7
4
-12
-32
-20
37
-13
45
-48
47
15
-14
1
9
-22
-21
-13
16
12
-20
-8
10
-38
11
-54
20
25
-17
-3
20
-12
-15
-11
26
-36
-29
-26
35
-58
0
-54
6
7
4
20
1
-29
1
-15
2
-28
-35
8
49
-34
13
-40
13
28
-21
21
4
-30
4
-32
-33
-32
-29
11
31
-26
15
-22
16
20
-44
-4
18
-14
8
-16
-12
-28
-26
1
28
-3
21
-1
-35
-9
-12
-49
-73
-46
-2
21
-13
8
-51
-19
49
-9
22
12
24
20
-27
-33
-70
-18
-5
34
19
-57
-53
-4
49
27
45
-8
-19
36
-31
-64
-11
20
-15
13
18
-35
-38
-43
45
8
39
-10
-28
-6
-11
0
-10
-4
19
-26
24
-25
-54
-15
45
-41
2
-26
-11
-1
-17
5
-17
-4
-4
-45
8
7
-15
19
30
-25
-14
13
19
14
-24
11
0
29
9
-35
8
-58
16
-26
39
-28
5
28
7
7
-32
10
2
-2
14
-46
14
-43
2
-9
35
-34
18
19
3
-1
-34
19
-27
2
54
-55
15
-61
-19
-4
39
-43
24
23
22
-22
19
15
-42
-7
28
-23
14
-12
-44
-27
25
-18
18
31
19
-5
-5
6
-48
2
1
43
-15
-29
-30
-71
26
15
38
-5
0
4
3
12
-6
-31
10
-4
-23
-9
-22
-19
-1
-28
3
-21
8
26
-33
10
46
-6
-6
43
3
-6
-32
-37
4
-51
2
-27
-18
51
-44
24
12
10
-17
56
-44
-40
-20
-56
-12
-23
30
-18
-29
58
-12
18
-2
2
-21
48
-23
-7
-16
-35
11
9
58
-42
-13
52
-24
7
17
-18
-14
-11
-24
-13
-18
-43
15
-16
68
-55
1
51
-41
-40
19
-16
-18
9
-2
-43
-24
-11
33
-21
0
-14
-28
61
-31
-22
25
-18
-23
-20
-13
-37
3
-20
46
-31
20
-17
-26
14
28
30
-18
-35
4
-40
-31
-17
-19
1
46
-73
19
-43
52
19
10
11
6
-31
12
-36
-5
3
6
9
58
-31
23
-36
18
7
-17
-15
2
-17
8
-49
-16
-6
-5
-12
50
-36
23
-2
13
10
-1
-33
-61
-36
-7
6
-22
15
-48
13
60
-33
31
13
39
38
-34
7
-27
-3
10
60
-16
-68
-19
-42
27
-44
39
-8
14
31
-44
-1
5
8
9
48
23
-24
-11
-31
53
-11
47
-50
-37
-7
-14
-15
-12
5
-9
-29
-2
-20
-47
-29
58
-66
23
-23
19
-15
-7
23
-33
-7
21
-22
4
17
-11
10
42
-54
-4
-2
57
17
-47
19
12
17
-6
-17
-2
2
39
-2
31
-5
-7
-3
2
31
-43
13
23
5
0
0
9
-15
40
5
22
-13
8
2
6
22
-43
4
36
22
15
10
48
-34
23
-13
31
-18
20
-16
0
-15
-1
5
-5
1
11
-11
19
-31
-16
-29
35
-24
25
10
14
19
-29
-11
-9
-18
-6
1
-5
-34
-28
-21
30
-18
37
-5
8
18
-20
18
-13
-46
23
-10
3
-29
-38
-1
32
-45
1
-3
1
44
-59
-3
12
-20
-8
30
18
-39
-31
-13
43
-26
10
-6
-26
68
-64
-38
-9
-37
-7
32
-1
-24
-2
8
50
6
14
-6
-35
80
-40
-19
-49
-43
-12
15
-31
13
-6
-7
34
2
53
-3
14
56
-24
-24
-27
-59
14
-17
-31
-22
-18
12
56
-18
39
-3
6
36
1
-25
-47
-82
-1
0
-22
-7
-3
-3
49
-22
11
-6
16
47
-33
-10
-21
-40
-6
12
2
-18
11
8
34
-21
12
6
19
45
-4
2
16
-30
-14
3
14
-18
11
5
37
-41
19
-15
18
52
12
9
28
9
-13
15
23
12
22
9
34
-33
23
-38
0
-4
21
-13
15
21
3
14
25
13
-16
-27
11
-17
23
-49
13
-4
-15
-14
14
-13
-9
33
7
-29
-30
-7
11
-51
29
-43
15
42
-47
-5
16
-18
-24
23
-18
-39
-6
10
28
-32
40
-33
-22
50
-47
-18
-2
-44
-6
-4
-29
-50
11
-15
49
-10
51
-27
-43
36
-3
-4
-4
-43
18
-15
-39
-15
1
-19
78
-78
16
-1
33
43
-7
-3
38
-35
-10
-11
18
28
25
15
37
-86
-26
-23
31
27
-22
-25
9
-33
-22
-8
37
-12
23
-5
39
-51
-36
-44
9
23
-24
-5
-15
-45
15
6
11
-55
16
-13
47
-37
9
-24
-11
26
-59
-4
-2
11
-1
32
13
-46
7
-18
43
9
33
-27
-44
2
-25
-11
8
-3
-9
-14
-12
-30
-17
-15
34
-11
27
-10
-12
30
-41
-16
36
-22
-5
-2
26
-1
12
7
17
-15
4
-12
13
45
-36
-9
5
-16
6
4
34
-52
-16
-14
57
-45
-5
-13
2
40
-32
8
-25
-33
9
33
39
-55
-12
-24
71
-27
7
-17
18
30
-28
-23
-23
-57
1
33
17
-18
1
-22
76
-31
16
-12
14
38
-17
-25
-40
-73
10
15
8
-21
-3
27
63
-45
18
-8
42
43
-36
-21
3
-33
-6
3
5
-18
13
29
53
-26
4
0
15
54
-36
-22
38
-19
-12
37
41
-26
31
-5
28
-28
-8
-2
-6
31
-36
-14
1
-27
-3
20
33
-40
1
-9
44
-27
9
-25
1
26
-23
-47
-47
-30
-5
19
12
-39
-20
19
53
-20
8
0
-3
46
-38
-25
-25
-8
-7
30
7
-52
-19
14
31
4
38
-13
-34
35
-28
-49
-14
34
-24
33
0
-29
-21
-43
20
40
53
-43
-61
11
-16
-42
-8
-11
7
-8
-38
-37
-33
11
15
-28
11
-24
-10
33
2
16
0
-44
7
-12
-48
10
7
44
17
-55
4
-32
32
49
-6
-7
39
-40
3
-5
-39
3
40
33
27
-39
-5
-29
26
50
-8
-3
41
-29
9
13
-16
4
27
10
47
-48
-4
-13
9
56
-32
-18
60
-18
-40
24
42
-11
35
-20
39
-40
-22
-8
-25
43
-46
-25
54
-4
-29
15
55
-22
25
-33
62
-24
-14
-26
-16
30
-34
-5
8
-12
9
-23
29
-34
-2
-13
54
-42
8
-53
5
-4
-30
16
-14
-34
16
-15
28
-45
-11
-6
51
-30
17
-48
-14
-30
-16
-8
-31
-19
18
-21
11
-5
-27
5
41
-3
14
-9
8
14
-49
-12
43
-12
-13
12
1
-14
-2
-14
-1
-18
7
-10
-19
28
-54
-1
66
-4
-13
12
21
-25
20
-31
39
-32
2
-39
-16
28
-42
4
30
-4
6
23
37
-32
14
-18
48
-30
-16
-54
-14
18
-31
-6
30
-35
0
20
25
-6
22
-10
46
-19
10
-43
-3
15
-19
-21
11
-28
3
2
11
-15
7
-14
39
-19
44
-45
-5
15
-34
-16
25
-25
-15
6
3
-28
6
-23
21
-24
50
-38
-5
32
-61
-16
30
-1
-22
13
18
-39
9
-19
22
5
19
-27
-50
7
-24
-14
36
0
-4
-9
3
-14
-4
-17
39
-9
34
-47
-18
-6
3
5
-26
-11
14
-2
-17
-1
-43
3
33
-38
27
-43
27
32
-35
19
-51
-13
3
23
-5
-44
-23
-5
35
-6
52
-26
26
34
-23
-16
-67
-12
-1
15
-16
-8
-27
-22
72
7
60
-8
10
11
-13
-19
-45
-21
25
-7
-35
-20
-23
23
49
-46
16
9
27
30
-20
-27
24
-10
6
18
0
-5
11
25
23
-62
-14
0
5
38
-42
-18
51
-9
-7
34
-3
-10
41
-9
19
-26
-9
-4
-17
41
-37
-7
54
-13
-10
29
-23
-8
44
-20
27
-11
3
-6
-30
39
-65
-21
47
-23
-3
18
-24
-36
44
-16
4
19
-6
1
-66
30
-56
-23
51
-21
3
10
-16
-32
42
-16
4
-1
-2
-14
-40
13
-35
3
40
-3
8
-17
20
-14
21
-19
32
-15
7
-41
2
-2
-16
2
28
14
30
-35
28
-11
12
-9
39
-23
4
-63
15
-26
15
12
-11
-8
16
-12
12
0
-29
-8
40
-25
15
-26
29
-4
-52
4
22
-10
-19
-2
-27
-31
-26
-19
-5
-1
26
-23
-23
-1
-60
-10
36
-8
-22
20
-23
-35
18
-32
-2
9
2
-46
-54
24
-45
-16
41
-3
-19
1
-30
-25
18
-11
9
9
-5
-60
-46
17
-15
-33
20
-18
-21
23
-38
10
-2
-14
17
-17
7
-36
-14
5
-13
-1
11
14
0
7
-14
5
-9
-15
16
3
34
-59
3
-6
-8
-23
7
5
-22
3
-38
5
-24
-15
18
-14
28
-35
1
-14
-37
-2
3
3
-7
-17
-11
-6
-16
9
8
15
45
-42
-19
-12
-18
-10
16
13
-3
-7
-28
-19
-4
-8
14
-4
31
-44
-1
19
-4
-6
1
16
2
6
-23
4
4
-4
15
-48
12
-22
26
59
-23
7
17
5
-15
24
-7
-13
30
-8
44
-40
0
-4
20
54
-27
5
14
-36
-10
3
-15
-5
12
6
78
-43
13
-7
22
32
-14
5
13
-41
26
9
-29
-23
13
12
45
-51
16
-3
20
32
-42
2
38
-13
5
26
-19
-28
13
-17
32
-28
7
-11
-21
24
-52
-11
39
-9
-2
28
-38
-20
40
-19
12
11
6
-6
-46
19
-52
-23
38
-18
-5
16
-47
-11
45
7
3
24
-2
-12
-47
5
-58
-27
28
-23
10
12
-46
-15
47
8
-11
41
7
-8
-56
0
-59
-20
26
-19
18
8
-45
-28
49
-5
-17
36
8
-12
-51
1
-52
-2
37
0
23
3
-20
-39
39
-25
-2
13
2
-23
-29
-2
-32
9
47
13
15
-7
11
-13
31
-31
27
-1
-3
-39
-10
-16
0
-5
32
10
-10
-28
-3
10
-13
-14
26
-16
0
-32
6
-10
-37
-13
12
-9
-17
-9
9
0
-19
2
9
-6
26
-37
-4
-9
-35
-45
9
-11
-19
16
-15
-4
7
-1
7
1
1
-24
-36
-6
-50
-25
11
-8
-18
-18
-15
-3
-7
17
16
12
18
-26
-45
-6
-35
-1
-28
4
-5
6
-32
-21
-23
4
16
5
16
-15
-21
16
-23
-20
-46
27
-1
13
-32
-31
5
-21
28
16
32
-20
-14
-8
-12
-32
3
1
-16
-15
-43
-6
-2
-14
17
-10
20
-11
-6
-11
-30
-10
-10
4
0
-34
-26
2
14
8
1
-10
36
-30
6
-9
-21
5
17
19
0
-12
-29
-11
5
-13
23
-17
21
-33
20
13
-19
-1
31
6
-11
7
-22
6
11
5
17
-28
-14
-16
-1
34
-31
-14
52
-5
-25
15
-13
4
53
18
-1
-18
-28
-9
-10
25
-32
1
35
-18
4
11
-20
-2
47
10
13
-10
5
-8
2
14
-28
4
50
-19
5
13
-10
-2
42
-17
28
-13
18
-17
-4
14
-40
6
47
-10
0
12
-21
-8
31
-12
25
1
12
-17
-21
6
-48
-11
42
-7
-3
13
-30
-10
44
1
12
27
-5
-17
-40
-5
-46
-16
32
-7
14
8
-46
-15
46
14
-9
38
-2
-22
-42
-16
-47
-10
26
-5
31
-2
-55
-14
48
6
-13
40
8
-29
-30
-20
-44
-7
31
-5
27
-5
-56
-13
46
-2
-14
35
9
-28
-26
-15
-49
-3
32
5
27
3
-42
-22
44
-8
-12
29
1
-29
-24
-12
-50
-4
42
8
15
-4
-20
-17
26
-16
-1
19
-4
-33
-25
-27
-20
-6
15
7
-1
-13
-19
-2
-11
-13
10
5
-7
-25
-3
-11
-37
-38
-2
2
-21
15
29
-16
-24
-7
11
20
12
-35
-15
-24
12
-48
-17
2
-11
22
-2
11
-27
-32
-2
12
12
-31
4
-31
-36
-36
-6
2
-1
-21
23
3
-45
21
-1
3
41
-34
-16
-22
-16
5
-4
18
-12
-23
-11
0
-8
10
0
-14
13
-13
27
2
-30
-8
20
33
-1
-8
5
-10
10
-5
3
10
-6
-22
-16
-9
-13
-25
11
-2
-18
-13
-20
20
6
-1
9
-16
2
-14
11
-8
-32
-2
7
11
-5
-15
-1
5
16
8
-4
-16
14
-23
-2
-13
-20
0
17
18
-12
-14
-5
-6
15
-15
22
0
22
-50
1
-21
-22
-19
26
3
-11
-2
-8
3
11
5
13
-4
6
-38
-15
5
-47
-28
22
7
-8
9
-25
-16
33
6
8
14
0
-6
-36
-3
-41
-11
38
-2
9
15
-39
-10
51
-10
-9
13
11
-17
-24
-1
-41
-1
41
0
13
13
-40
-16
47
-11
-1
17
7
-22
-26
-3
-39
-5
41
-3
8
7
-42
-10
44
-1
5
22
-1
-23
-29
-13
-42
-8
34
-1
14
2
-42
-15
46
5
-5
34
-4
-26
-36
-16
-41
-8
25
4
31
-2
-55
-17
47
5
-7
36
-2
-26
-29
-22
-38
-1
32
8
35
-10
-57
-9
51
-2
-10
34
-1
-33
-16
-22
-37
-4
34
8
29
-10
-55
-11
46
-3
-7
29
2
-33
-14
-19
-42
-3
32
9
28
-1
-49
-23
41
-8
-11
27
0
-31
-21
-19
-50
-5
36
14
20
-5
-27
-26
24
-10
-5
23
-1
-34
-31
-27
-24
-4
8
8
10
-14
-26
-3
-5
-7
1
9
1
-23
-3
-12
-24
-31
-19
-3
-12
16
-5
-14
-23
-18
12
11
15
9
2
3
-28
-20
4
14
8
33
8
-8
-7
-29
32
-5
16
-32
-25
-26
-13
-11
-30
17
1
2
-1
-27
-33
-18
11
1
22
-20
-6
-16
9
-5
-9
3
-27
11
-16
20
-3
-16
2
-11
11
-10
27
-15
-6
-25
9
31
-4
4
-18
-7
5
-9
-11
22
-18
-32
-10
-26
-8
-21
-11
10
-3
-14
-27
15
-4
-13
-11
8
7
-32
11
-17
-22
-17
-8
15
-4
-4
-7
17
5
11
14
-1
14
-20
-2
-2
-32
-28
4
39
-20
2
6
-18
23
-7
23
21
0
-49
-22
-30
-9
-13
9
16
2
12
-19
-14
-7
-13
18
1
5
-37
-3
-25
-34
6
9
12
14
-6
-25
-1
3
15
3
17
15
-35
-19
-20
-36
-8
21
11
20
-5
-41
-19
29
17
-16
31
-4
-32
-40
-17
-40
-6
21
12
29
-16
-50
-17
38
16
-19
38
0
-33
-37
-22
-38
-8
18
11
30
-15
-48
-11
37
12
-14
37
-3
-34
-36
-23
-36
-9
19
17
31
-19
-44
-14
38
14
-13
40
-2
-33
-36
-28
-35
-1
16
20
38
-25
-49
-11
36
12
-14
39
-1
-32
-29
-27
-36
-3
18
22
35
-25
-48
-12
36
10
-12
37
-3
-34
-26
-29
-38
-3
15
19
35
-23
-46
-12
33
7
-13
37
3
-38
-25
-28
-42
-4
14
17
32
-21
-40
-23
29
7
-8
38
6
-40
-31
-27
-41
-1
13
19
26
-33
-28
-22
17
0
0
31
13
-34
-35
-29
-25
2
1
24
13
-31
-24
-21
-10
-8
4
12
6
-18
-11
-14
5
-26
-59
-13
-14
57
-11
-3
-16
-29
16
5
21
13
-1
10
-55
-22
-3
16
-3
5
14
-14
4
10
8
32
31
-30
-58
-11
-1
-31
-24
16
-7
-7
-28
-28
-13
4
18
-9
11
-19
-35
-13
-11
-8
-4
0
2
-20
-12
11
-4
21
2
6
11
-26
-24
-20
-6
-1
-1
38
8
-16
-18
5
8
-5
-10
28
-4
-24
-13
-16
25
-31
-31
21
-7
-6
-30
22
3
-41
-33
18
8
-33
15
-30
-6
-11
2
4
0
-14
-12
4
-4
8
-12
11
9
-39
-5
-13
-29
-13
13
39
-7
-19
0
-7
18
4
5
33
-1
-28
-40
-19
-5
-16
-3
23
2
-17
-24
-7
17
-9
10
12
11
-38
-24
-19
-7
-10
5
18
12
-43
-10
2
16
10
2
10
10
-36
-22
-26
-8
-21
4
19
10
-35
-22
5
34
3
-5
18
-6
-34
-26
-25
-15
-19
-3
18
22
-41
-30
3
42
9
-13
27
1
-35
-26
-28
-13
-19
-3
20
27
-43
-30
4
44
14
-13
25
-1
-36
-23
-29
-11
-15
-4
22
27
-44
-28
7
44
10
-12
25
-1
-37
-17
-28
-10
-17
-4
25
27
-45
-29
8
44
10
-10
24
-2
-37
-15
-30
-11
-18
-1
24
27
-45
-25
6
44
13
-11
22
-2
-37
-17
-28
-14
-16
0
24
30
-45
-26
6
44
14
-12
25
0
-40
-17
-29
-10
-19
0
23
26
-46
-25
7
39
14
-10
20
4
-40
-14
-28
-12
-15
-6
21
15
-35
-17
10
32
5
-3
26
21
-46
-11
-26
-7
-15
-7
23
8
-35
-24
-2
-1
-4
-3
7
26
-24
-5
