24
8
-36
36
21
29
54
60
-4
-21
5
30
20
36
31
-2
25
-36
-12
41
25
26
41
41
-7
6
17
24
17
33
11
-33
33
-48
11
55
35
25
26
22
29
19
24
11
23
35
13
-20
30
-39
20
56
33
30
43
30
24
24
29
6
29
28
15
-11
32
-43
18
70
38
21
16
26
4
24
18
8
7
21
-2
-10
21
-34
18
37
41
29
32
26
29
12
34
4
26
44
12
-1
37
-25
-17
13
44
13
23
23
19
23
-7
15
12
49
-5
11
5
3
-21
2
18
25
29
35
-12
-11
10
19
35
-5
30
-16
27
-34
-2
9
60
40
50
31
15
0
11
11
49
48
-3
-38
16
-10
-47
-13
23
-1
26
14
-4
-4
-25
36
25
52
19
-7
-1
35
-44
9
7
12
27
30
19
-16
-13
30
23
12
29
3
20
-5
8
-5
43
35
47
40
37
13
27
4
50
36
-7
10
12
-30
-39
46
34
-5
3
23
-12
-21
19
36
1
35
41
-30
9
8
-27
9
1
0
39
46
8
-33
15
51
-4
-6
45
-28
23
-13
16
5
25
44
42
36
-11
-2
8
39
17
47
20
-6
17
-23
5
-3
20
27
8
8
-24
37
-16
43
26
54
-8
-1
22
-17
3
0
17
33
44
19
-4
30
14
35
39
39
6
4
23
-22
-20
23
9
6
4
12
-33
-2
10
51
7
24
26
-21
5
13
-4
55
14
7
25
32
-1
-31
21
25
-9
0
38
-16
1
9
-37
16
7
9
31
30
0
0
10
39
10
7
39
-15
30
-26
19
40
35
24
42
19
-3
-21
8
31
18
32
-2
11
35
-40
24
69
34
32
11
7
6
-17
21
46
-18
16
-4
4
30
-38
31
82
34
37
21
10
26
-2
21
35
-12
10
6
-9
28
-35
12
63
25
35
35
18
17
-1
12
38
-1
16
16
-18
31
-42
14
80
31
29
8
14
9
-7
9
41
-21
13
7
-3
24
-22
31
27
27
11
18
-3
49
-2
16
35
-12
40
1
50
31
-10
-5
1
28
3
16
-9
42
18
-6
63
-32
39
2
46
10
28
-31
13
-7
5
25
38
11
-19
19
73
-32
-8
12
33
14
-40
6
-16
34
25
40
35
61
-22
34
21
27
26
-50
59
10
-15
5
11
2
5
5
4
-2
-7
13
57
-5
48
1
53
15
5
13
26
18
37
47
52
29
3
43
32
16
4
0
15
34
-33
-6
18
35
23
45
45
12
30
22
20
41
16
-29
-1
-1
-46
6
38
28
13
-2
10
-3
-30
37
29
-7
25
17
3
5
-17
27
-1
15
13
20
22
12
-34
23
36
-21
-6
19
28
13
-37
41
23
31
38
29
18
-9
-5
23
40
-10
19
-8
11
12
-40
30
16
25
35
13
5
-17
14
14
48
-6
25
-19
10
19
-39
12
-3
16
25
27
3
-26
15
10
52
10
40
7
12
19
-30
24
25
16
15
-20
-1
-16
-21
19
64
-17
19
24
9
3
-9
37
44
19
21
12
16
3
-33
33
26
-11
-13
34
19
6
-2
-1
37
22
12
17
19
-13
-9
5
39
-2
-9
45
11
34
-19
23
6
25
17
12
11
4
9
2
48
12
46
-1
28
22
-9
11
22
14
25
-9
6
-5
-9
6
55
-25
32
19
30
14
-27
25
58
32
32
13
3
21
3
25
27
-1
4
15
-4
18
-24
13
70
17
26
13
11
7
-15
9
39
-21
26
19
-1
24
-18
14
34
7
4
13
-3
45
-5
-5
61
-32
43
9
50
20
6
4
1
2
-2
5
-1
53
6
-3
58
-30
37
-15
47
19
10
-31
-8
16
9
43
8
56
10
18
22
16
22
14
32
11
3
-26
43
-10
-2
33
44
16
-37
33
45
-9
-25
-6
2
24
-30
-15
4
14
15
45
38
37
-13
38
40
18
27
-35
16
26
18
-13
22
-18
-4
13
10
10
-38
3
62
-16
40
19
31
27
-4
8
73
17
24
44
43
26
-37
35
33
-11
-12
4
-14
42
-42
-43
72
33
25
45
42
9
-8
9
61
-9
25
1
-43
14
-18
-34
30
-15
19
16
36
1
-19
27
76
-40
37
-13
7
-2
-4
19
-35
15
23
7
20
19
-7
29
45
12
21
19
34
10
-20
28
-4
20
21
-2
-1
-18
28
8
50
-7
24
-18
27
18
-20
33
-5
24
31
2
-14
-24
40
6
50
3
35
-2
28
24
-30
31
-2
18
22
0
-5
-4
28
26
57
6
41
11
32
14
-8
29
-4
17
14
-25
14
-3
12
22
50
-1
18
39
34
-13
11
39
9
17
23
-5
9
5
-5
26
34
-2
3
37
33
-2
-3
19
19
18
20
-6
5
-8
-13
13
44
-3
-1
44
14
38
-1
18
-15
26
12
23
15
33
16
23
25
27
55
-9
65
37
17
-23
-4
22
-14
29
-3
21
37
11
35
-6
39
8
11
23
-23
10
30
25
13
8
-6
11
-1
22
41
-31
33
6
9
19
-9
26
14
1
2
-4
-12
29
1
4
62
-34
43
10
36
31
3
21
11
-1
-11
23
-15
55
2
12
53
-29
60
-5
38
31
10
-9
24
13
-1
31
-22
54
16
32
37
-5
49
-22
-13
23
19
-31
33
-7
0
27
9
20
3
14
43
1
24
-11
-6
16
6
-12
13
-12
5
18
35
5
-22
41
65
-7
-4
-3
2
31
-24
0
34
19
20
24
17
6
-24
24
52
11
57
-18
-3
28
10
17
11
-24
-3
8
-2
26
-45
13
71
-17
40
24
19
30
12
38
60
7
21
39
3
39
-30
29
40
-14
13
11
11
25
-14
-23
59
16
18
32
22
-5
-16
11
61
-14
8
-20
-23
20
5
-63
0
-3
19
25
40
13
-15
6
80
-25
45
-10
-11
15
13
-26
-45
-19
30
26
44
-30
-1
27
72
-5
22
-5
-11
18
-17
2
-18
20
26
22
18
-26
31
4
52
9
29
3
17
28
-15
11
-3
24
25
-7
1
-21
35
-15
46
6
30
-4
48
17
-8
20
5
12
12
-3
12
-6
22
10
42
9
16
19
59
39
-24
7
32
27
13
26
28
-4
18
32
38
23
5
10
2
19
-18
7
32
9
10
5
10
-29
22
15
52
8
18
29
-6
6
15
6
13
1
12
5
8
-12
6
-7
51
0
4
40
28
38
-3
-10
6
10
-2
35
12
40
9
17
27
11
64
-4
50
37
-5
-22
3
39
-2
12
-15
60
39
23
35
33
43
-17
4
26
25
-28
-27
20
5
9
18
53
19
-10
25
25
29
16
65
13
31
-23
2
0
-20
-8
18
23
40
-1
43
-6
5
6
46
8
21
-1
-32
2
10
24
22
33
22
37
33
13
28
-26
19
23
1
-8
-17
-7
15
-10
-1
-21
11
20
61
14
55
-27
-6
26
9
8
-21
-3
8
-31
-14
13
35
-1
77
2
64
-10
6
26
32
-19
-21
-16
9
21
22
-14
33
28
60
-1
0
-1
-10
31
3
-23
2
-15
26
12
27
-32
-23
20
69
-12
70
-15
7
27
12
34
8
-32
4
-7
-2
5
-42
22
77
-23
39
9
32
24
-2
22
43
11
20
36
-9
31
-6
29
35
1
15
2
-12
17
-1
6
12
-4
4
3
-17
13
-8
2
68
-12
33
10
3
18
25
-19
-3
-6
5
31
14
16
-15
-3
56
-17
16
-18
6
18
22
-66
0
-26
13
50
42
8
-3
14
61
-25
10
-12
-25
15
-1
-22
-18
-13
31
36
47
-38
-9
15
56
-5
3
-29
-15
25
-18
-2
-7
16
25
2
18
-24
15
3
56
6
30
6
23
8
31
10
-12
11
19
6
17
-32
13
-9
35
14
7
28
17
18
-21
20
8
28
18
25
7
-38
6
17
45
11
25
30
-20
20
-20
30
20
20
21
1
-15
-24
-16
8
66
-17
24
45
1
7
23
5
28
8
16
26
4
-6
-11
-15
38
1
11
61
4
-4
44
-49
1
-1
-3
10
34
40
13
-8
36
15
21
-5
31
8
19
-28
-45
-5
10
5
38
14
7
29
36
28
32
-19
31
34
29
1
-19
-9
-1
16
31
26
11
13
27
12
48
-18
45
16
14
-26
41
6
2
48
46
40
14
27
22
-2
7
-21
-6
26
3
-37
-6
17
20
48
50
9
9
5
20
16
55
-45
41
10
23
-11
-15
-2
5
-9
15
-14
28
15
35
17
50
-42
58
24
14
-19
-1
17
-15
52
21
81
36
45
44
1
26
-11
41
42
-1
-61
21
-16
-7
26
46
6
7
26
56
-33
5
-17
-5
23
1
0
6
-19
15
17
25
-22
-24
24
62
5
38
-13
-2
33
-4
28
23
-8
11
-3
-7
-3
-11
13
63
-3
41
7
21
22
-12
18
38
12
26
3
-11
14
6
15
54
-10
36
16
6
-7
38
4
-62
-7
1
8
2
42
-15
-18
66
-15
13
33
67
-6
38
-15
-67
-10
26
28
28
-9
-40
20
57
26
21
-4
16
17
9
-78
-24
15
14
31
18
14
0
-9
55
24
67
-10
-14
19
-1
-52
-2
-23
18
28
42
-22
-23
34
77
-3
9
-14
-11
19
-21
16
-37
20
23
12
12
0
25
24
65
14
29
25
53
37
-20
34
9
27
22
-40
13
-47
53
10
63
15
31
27
18
28
-26
31
12
28
22
-19
15
-49
47
15
51
7
24
33
18
10
-7
31
-12
14
28
-27
4
-52
38
-1
62
-18
35
50
38
-8
45
19
-30
-2
25
-7
11
-9
7
-10
46
16
9
44
52
20
31
18
-21
-3
12
17
8
10
7
-1
40
18
39
-13
48
33
24
2
26
-19
6
12
8
14
-3
28
38
-3
17
-14
19
41
-8
6
52
11
22
61
28
61
5
38
38
-1
37
-22
-1
30
-12
19
20
16
33
52
39
2
7
5
21
5
54
-30
24
31
-2
40
5
41
43
24
16
0
12
-3
18
41
80
-62
32
50
-11
4
12
25
-5
8
-21
14
11
-5
41
-14
92
-16
35
26
-7
-27
33
22
-1
22
0
36
21
11
42
16
49
8
-17
64
-8
-12
37
7
-1
3
15
22
26
20
70
-14
52
-6
0
31
31
20
-9
-36
-8
0
3
1
10
2
75
-48
42
-6
59
32
10
28
16
-8
10
-22
-11
12
34
11
75
-23
42
-11
30
32
-10
5
2
8
7
-17
-21
18
49
1
69
-25
30
7
34
-3
19
11
-91
12
32
34
15
34
-4
24
50
35
32
5
54
5
3
1
-32
11
29
39
24
-1
24
23
26
42
68
-18
14
7
-22
-25
-9
30
7
51
-4
35
23
28
41
16
62
-55
-22
27
-24
-58
-11
-13
-11
9
38
5
-29
4
101
-33
56
-23
22
34
-37
29
-38
12
36
34
35
24
15
26
53
18
41
24
32
49
-76
59
18
58
37
0
16
6
59
17
23
26
36
13
-1
53
-58
51
23
50
44
32
28
-2
33
13
15
26
42
21
17
48
-43
17
26
49
42
47
38
-24
38
12
16
24
50
21
0
13
-12
-5
17
11
29
18
30
-49
16
-14
41
12
46
45
6
35
-7
19
18
-3
9
6
-7
9
23
10
47
5
67
12
29
15
5
20
-11
-26
17
12
5
8
0
43
52
-6
9
5
19
31
-14
20
15
8
19
30
10
17
-1
14
51
3
55
-7
8
29
-30
9
-6
13
23
6
-5
-12
27
1
54
20
58
-16
8
48
-14
36
-42
21
7
10
-29
31
28
-20
39
13
79
-29
73
28
5
29
-31
0
8
-20
-43
-14
19
8
72
-28
75
0
44
19
14
14
-62
-15
13
-1
16
27
50
20
48
21
26
-13
43
52
-12
21
-12
4
1
19
11
24
40
24
39
9
41
0
31
61
8
15
25
0
4
21
6
7
37
14
40
4
61
-14
21
59
21
15
21
21
18
28
6
36
28
25
30
-11
68
-47
12
52
16
-46
3
18
3
52
17
44
11
7
19
-10
52
-24
26
8
-13
-21
23
9
18
50
38
15
2
38
32
12
39
-37
0
33
-44
13
22
27
10
11
0
37
29
37
43
19
80
-57
8
35
-37
26
7
14
11
-19
-28
8
33
17
62
2
88
-53
8
53
-14
24
-12
-11
-1
14
-12
29
16
27
84
-27
72
10
45
60
-27
30
40
29
12
33
24
63
43
40
41
-25
9
-17
40
53
-31
-21
19
15
18
27
47
1
23
33
45
-32
-11
-11
9
39
-24
13
-7
-11
31
16
30
-45
4
24
58
4
33
3
-25
40
-53
14
8
31
33
33
14
-25
7
20
50
15
58
-6
-27
33
-33
12
24
10
20
-3
-3
-27
2
-18
71
-13
60
16
24
37
-28
19
57
17
15
27
36
42
21
38
23
15
23
-5
21
32
-14
-5
11
-7
30
25
46
-16
20
23
46
3
11
-2
5
18
-7
11
-29
1
46
26
35
-39
31
12
43
31
34
-6
19
25
-14
-2
-16
-5
5
-12
2
-36
41
-19
68
-6
48
-22
20
20
-8
6
-35
-18
17
12
19
-3
32
34
55
15
52
-28
52
31
-25
15
3
13
8
25
12
29
33
40
46
22
53
-28
31
42
-29
0
53
19
22
34
42
25
49
31
15
15
25
-29
7
25
-26
-26
32
-6
11
17
46
-13
25
32
33
-1
6
-29
3
20
-10
-22
-26
-20
11
13
31
-14
2
8
56
11
52
8
-4
46
0
-1
5
12
4
29
22
-7
-3
18
51
3
77
-25
-4
48
0
-24
-2
37
9
16
-19
15
-2
-7
29
22
88
-52
-18
13
-2
-22
5
1
1
-8
-4
8
-8
29
73
-9
44
-5
13
53
-24
42
-17
10
14
28
0
48
25
50
40
-5
47
-14
35
55
-25
29
39
19
15
11
-1
34
45
41
27
0
40
-31
24
44
-25
18
57
19
26
37
11
36
24
35
31
2
36
-12
-6
35
-40
6
69
32
27
44
29
26
23
15
16
8
21
-9
-24
39
-35
-17
72
29
23
31
52
4
22
19
38
-2
20
-10
-19
35
-19
-22
39
10
39
8
53
-7
29
24
40
-15
18
-25
-8
23
-12
6
-7
-9
40
4
30
-47
22
25
45
-7
27
-21
-8
21
-17
7
-21
-6
34
7
5
-21
3
-9
75
-9
50
17
37
27
-43
14
78
14
18
34
36
21
-19
26
30
5
19
1
-15
30
-42
-5
70
21
42
41
43
14
10
12
39
-6
37
-12
-13
28
-43
-7
25
14
53
49
45
-6
34
7
38
14
40
-25
-6
33
-39
-20
40
2
25
23
38
-23
48
4
47
6
37
-31
10
19
-23
-28
35
-1
23
20
42
-6
24
7
53
-2
55
-35
-3
26
-32
-27
47
0
26
35
40
8
23
24
46
14
49
-35
-11
21
-44
-7
61
17
18
15
17
10
19
10
37
14
39
-29
-34
24
-29
-25
60
2
15
13
29
8
11
1
66
-16
53
-13
-5
13
-1
-11
-20
-2
38
32
41
12
8
19
53
-6
39
-20
42
18
-12
7
-30
18
37
20
39
-24
30
17
27
42
46
-30
52
30
-22
8
-55
17
12
-6
-15
-10
17
-6
51
27
90
-31
27
5
-7
20
-34
5
19
-12
-17
2
-11
33
70
-24
58
12
35
30
-31
14
24
20
35
48
20
68
6
51
28
8
36
1
-5
39
-47
9
76
18
28
44
26
35
16
21
23
10
37
-17
-19
31
-37
22
82
25
43
34
16
13
16
4
29
7
36
-3
-23
22
-39
29
79
34
45
18
3
11
25
-2
29
9
24
-3
-19
22
-40
19
76
33
43
18
14
9
22
-5
33
1
33
-2
-19
25
-33
-4
66
29
36
27
40
11
20
6
39
-4
30
-11
-10
32
-24
-24
49
18
37
16
49
4
31
9
41
-12
28
-19
3
19
2
-14
9
-8
40
30
41
-13
15
9
52
-5
39
5
30
20
-31
36
70
13
25
17
18
16
-22
24
29
-7
26
-8
11
15
-35
23
52
30
41
23
5
12
14
3
28
6
27
-8
-14
25
-41
6
60
16
28
24
5
-2
12
-3
41
0
35
-19
-15
23
-24
-15
45
-1
-3
24
7
29
5
-17
55
-15
44
5
5
17
-18
-7
35
16
14
31
16
38
9
15
45
8
30
-19
10
17
-24
-26
41
19
12
19
14
0
5
1
48
13
37
6
-23
15
-37
11
52
20
20
16
9
19
8
22
40
21
52
-19
-13
20
-22
15
38
7
11
16
-9
30
11
1
48
-6
67
-13
10
33
-22
2
-7
18
24
48
10
52
33
19
32
12
56
0
25
61
-48
37
24
25
31
22
13
10
65
20
17
38
57
-17
23
56
-46
43
24
12
16
15
-15
15
46
30
43
8
61
-17
24
24
-18
28
37
9
31
19
5
12
18
38
37
-12
46
4
24
25
-32
32
57
12
44
42
7
40
8
27
36
-4
32
-17
1
28
-35
28
71
25
47
23
5
13
18
2
40
5
34
-3
-14
22
-35
31
71
31
54
15
4
9
24
-2
35
7
31
-2
-11
19
-35
32
65
31
54
14
3
9
25
0
34
11
36
1
-11
17
-35
35
70
30
51
11
2
8
25
0
31
10
30
0
-10
20
-38
30
70
32
46
15
6
8
22
-3
33
5
31
-2
-10
28
-38
10
71
25
36
25
24
12
15
2
36
-1
29
0
-11
24
-25
-15
57
14
24
24
27
12
10
-3
51
-9
33
12
14
19
-23
4
41
22
23
29
25
35
9
29
35
14
27
-15
14
18
-14
-16
23
17
22
22
5
10
29
7
45
18
29
6
-9
16
-34
9
49
9
25
6
9
-2
5
14
48
0
41
-20
-20
9
-18
25
10
-3
15
2
-1
9
5
18
52
-5
45
-7
12
19
-3
8
-43
22
35
24
-5
9
33
-9
45
39
75
-1
1
15
-15
-7
12
23
22
0
-1
-1
29
4
57
17
57
8
0
15
-31
13
18
30
21
4
3
23
50
16
37
24
42
-10
8
18
-27
26
33
23
23
6
-4
25
32
20
40
14
49
-3
14
28
-43
25
26
22
31
32
10
37
23
36
23
29
36
5
4
44
-50
41
71
36
34
12
21
31
44
32
15
28
26
-10
0
38
-43
47
69
31
31
12
5
21
28
21
23
14
34
-7
7
33
-35
29
81
24
38
30
12
15
22
11
22
9
36
-1
-12
23
-33
27
74
25
48
26
12
11
19
6
29
9
33
-1
-17
20
-36
32
68
31
52
13
2
9
27
2
30
13
30
-1
-12
19
-34
33
66
29
52
13
2
7
24
3
31
12
32
-2
-10
20
-35
33
68
29
54
12
2
9
25
3
33
11
32
-4
-10
19
-35
36
73
28
53
11
1
11
24
2
32
9
29
0
-9
21
-36
37
76
30
52
11
0
12
24
2
31
10
29
1
-11
24
-38
24
82
25
41
18
9
14
11
4
34
-3
28
7
-9
13
-21
11
44
15
30
19
15
18
2
-1
50
-9
27
16
21
9
-16
-39
33
30
21
22
37
24
3
27
28
25
7
-8
12
8
27
-71
4
5
14
27
42
21
0
-14
20
37
24
2
-3
11
-24
-43
20
7
17
32
33
15
-9
29
47
35
53
-21
-12
18
-18
10
7
28
30
6
4
3
34
7
33
30
42
-3
38
40
-32
20
32
40
26
9
-11
19
62
11
25
26
37
-18
22
33
-22
7
26
26
7
17
-2
31
40
14
44
4
36
14
36
28
-32
18
27
35
20
16
16
31
42
33
36
24
36
-10
12
30
-29
15
28
33
23
6
-6
18
34
20
41
30
55
-14
-8
17
-36
-7
45
19
26
24
17
15
12
22
44
16
40
-4
-20
29
-45
10
61
17
31
17
10
14
13
5
43
17
45
-1
-31
30
-39
35
78
25
45
16
1
15
19
-2
31
7
41
6
-15
24
-34
36
71
29
49
15
-2
10
23
1
31
9
32
2
-13
22
-34
34
66
30
51
11
-1
8
27
0
36
11
34
2
-11
20
-32
36
63
30
52
10
-3
9
28
2
34
10
34
-2
-8
20
-32
36
61
27
51
9
-5
9
25
1
38
10
35
-1
-9
21
-34
38
68
30
52
9
-5
13
28
2
34
12
31
-1
-8
20
-34
37
66
28
51
10
-3
11
23
1
36
8
35
2
-7
19
-32
36
68
27
49
10
-5
13
22
3
34
11
37
2
-9
22
-35
29
76
22
40
15
-1
13
17
2
36
1
33
0
-8
13
-18
15
42
15
33
19
12
19
8
-4
49
-9
29
15
24
11
-7
-9
6
7
0
18
18
22
1
9
39
17
21
28
55
24
-20
-6
27
25
26
32
34
14
6
13
42
15
37
-24
-26
1
-17
-21
-11
6
27
34
41
-7
-2
11
43
29
34
-4
-1
29
-8
7
16
23
15
21
17
18
18
-6
22
24
50
1
30
29
-14
5
46
30
23
-5
6
24
30
-14
24
19
15
-16
20
15
-12
4
24
25
12
1
6
31
24
-6
28
13
23
4
26
20
-34
9
23
21
18
20
16
23
25
20
42
29
50
10
-12
31
-34
-6
22
30
14
13
-6
25
43
11
38
32
39
-20
-18
19
-17
-12
46
-1
13
26
13
-9
4
5
49
1
39
0
-6
23
-36
27
59
14
34
17
5
22
13
16
44
8
37
-21
-5
21
-31
39
56
21
45
7
-11
13
26
0
41
8
39
-2
-5
19
-34
39
58
28
46
6
-11
12
34
2
34
12
32
-2
-7
18
-33
39
55
26
43
7
-12
12
33
-2
37
7
35
-2
-3
21
-33
38
57
27
44
7
-11
9
33
0
37
10
37
-5
-5
19
-33
40
58
26
45
5
-13
11
32
0
37
7
36
-3
-3
19
-33
40
56
27
46
5
-12
10
32
0
36
8
37
-1
-5
18
-33
41
54
25
45
5
-11
9
30
0
37
7
36
-4
-4
16
-33
37
54
25
45
3
-10
5
30
2
38
7
43
-4
-5
13
-32
33
50
16
38
2
-12
11
32
-1
44
1
44
-2
-2
12
-21
19
28
12
34
5
3
7
15
-11
56
-14
38
13
29
15
20
-3
-31
-2
15
41
23
8
19
3
30
51
33
32
9
34
-36
4
29
30
26
38
13
4
26
31
41
23
25
-38
-25
21
-3
-26
-1
4
38
21
27
-31
6
1
63
-13
57
-1
-9
26
-25
5
23
14
33
21
21
12
13
35
42
12
33
-22
1
27
-14
31
22
30
46
16
8
17
24
3
27
15
33
-8
19
41
19
9
-15
24
33
20
8
16
30
-41
-5
34
31
-9
37
12
-12
8
38
22
22
22
29
-9
14
21
34
16
18
-6
1
30
-38
4
41
34
36
23
15
6
41
19
36
21
22
-17
-19
30
-8
5
21
20
35
7
14
-9
28
3
53
-1
40
-7
-4
34
-20
7
32
21
35
12
12
-1
41
11
47
10
31
-12
-8
35
-18
12
26
22
36
12
2
4
50
1
50
7
29
-5
1
36
-20
15
29
26
38
10
2
2
54
3
50
9
26
-8
-2
36
-21
13
28
25
39
11
4
2
53
5
49
9
27
-8
-4
37
-20
16
26
26
39
11
2
4
52
6
48
10
27
-8
0
38
-20
15
25
27
38
10
2
4
54
3
51
9
26
-7
0
36
-20
14
28
26
40
11
6
2
51
7
48
9
26
-9
-4
37
-25
14
29
27
40
13
4
3
52
7
47
10
27
-9
-2
38
-23
13
30
27
40
13
4
4
50
6
46
11
32
-10
-3
32
-22
15
29
26
37
18
7
6
44
8
42
12
35
-11
-1
33
-18
7
18
17
29
21
0
5
29
-8
56
-7
59
11
14
