35
2
17
16
2
2
2
53
2
2
2
50
19
2
2
10
56
2
10
35
2
10
31
2
44
23
24
24
12
29
16
38
2
2
43
19
2
30
2
46
2
6
9
2
24
2
13
15
2
2
2
2
49
2
2
2
36
63
35
17
2
38
16
21
22
30
36
39
11
2
22
21
2
6
19
20
22
9
2
50
47
2
41
43
2
18
19
2
27
16
37
32
22
19
30
16
2
2
24
14
3
2
2
42
3
6
29
2
5
3
15
2
7
2
2
21
40
10
2
39
35
81
29
23
7
43
2
44
33
43
56
29
10
2
21
10
2
34
26
12
29
2
12
20
35
23
59
26
2
23
2
2
13
31
30
30
36
24
37
9
2
10
24
13
14
2
2
32
2
3
36
2
2
7
15
2
5
2
2
31
39
13
2
17
31
96
38
22
2
38
9
56
25
14
17
23
2
2
9
47
2
2
24
14
20
19
25
26
43
2
16
31
2
36
4
2
15
12
23
18
28
25
12
18
2
2
22
21
18
6
2
22
2
2
2
10
28
13
22
2
4
2
7
2
5
2
2
2
22
27
2
10
2
40
22
23
33
2
16
30
2
2
2
53
2
22
27
15
42
4
33
2
47
9
10
22
2
37
5
2
2
26
2
2
39
33
27
42
2
8
31
11
48
24
2
12
2
2
2
2
29
5
24
2
2
2
51
2
2
2
2
2
32
31
26
5
2
21
26
11
19
2
19
15
33
10
10
18
2
2
2
47
20
2
2
31
22
2
23
29
5
7
18
12
54
7
6
42
2
2
2
13
12
33
27
2
2
10
2
33
2
12
41
17
21
17
2
29
10
2
2
18
58
2
25
2
20
41
37
2
35
27
7
22
2
52
32
33
48
4
29
2
2
8
25
27
2
14
2
24
2
2
39
29
2
2
2
21
29
2
25
61
13
2
8
2
7
29
4
2
2
2
8
35
6
2
39
15
2
4
4
36
37
5
2
46
34
26
34
61
19
9
35
11
36
12
2
37
16
50
56
27
45
2
2
2
2
61
46
10
16
19
2
21
2
50
33
10
2
2
2
10
2
25
22
37
30
2
54
32
25
41
2
2
22
2
2
22
19
2
73
11
2
2
2
9
4
6
40
76
11
77
39
50
2
2
2
8
2
2
25
47
16
30
2
21
29
2
15
2
37
28
44
8
14
5
23
29
9
14
9
28
2
35
2
5
30
9
39
22
14
2
2
8
13
22
4
2
33
2
13
15
8
2
16
33
37
13
7
26
13
2
33
33
6
15
17
2
2
2
2
2
2
24
52
24
23
3
16
30
3
2
2
9
2
35
35
3
47
2
33
2
16
22
14
24
2
16
2
2
2
23
2
2
15
2
17
37
22
40
14
2
58
3
2
3
2
2
4
6
27
18
11
15
2
2
40
29
2
2
9
2
8
2
14
2
2
4
29
20
26
23
12
37
52
13
2
2
2
12
7
54
26
2
2
58
16
2
11
28
2
2
11
24
68
15
38
48
2
2
14
6
3
15
34
2
4
2
7
16
2
5
25
2
18
3
5
54
2
2
2
23
68
4
46
6
2
4
40
16
25
33
22
18
18
42
8
52
2
8
46
4
10
15
57
2
18
27
2
17
2
7
38
18
2
46
2
15
33
2
47
26
2
2
2
2
2
2
16
2
11
2
41
2
18
12
55
24
8
17
2
66
38
13
7
6
2
33
17
17
2
2
2
2
23
37
24
18
7
36
2
17
14
23
43
6
47
2
54
2
3
21
2
2
2
2
2
2
2
29
2
29
23
2
4
10
16
2
2
2
2
2
14
10
39
2
35
4
29
2
22
35
2
27
2
24
71
36
23
2
2
42
18
29
15
2
2
2
47
12
8
17
6
40
2
27
34
2
39
2
35
27
29
2
20
2
6
45
2
2
23
13
2
7
2
13
31
2
38
26
2
2
2
2
3
2
2
2
22
2
35
2
13
2
32
17
2
20
24
34
16
10
2
15
2
11
22
21
2
2
2
17
20
23
4
14
23
2
11
45
15
2
2
13
22
56
37
2
40
2
41
14
5
22
11
18
2
36
2
2
2
27
2
2
2
2
14
4
29
27
25
2
59
2
21
2
7
8
3
10
44
2
12
13
2
2
41
25
2
2
11
2
2
2
11
11
2
5
45
2
2
2
2
2
43
74
3
21
36
2
2
15
2
49
2
11
2
2
2
2
2
2
9
52
48
9
2
2
2
2
46
2
2
2
9
48
8
35
41
2
40
51
3
37
2
2
4
6
29
64
4
2
44
52
2
16
2
2
38
2
41
2
2
2
2
4
2
2
36
54
27
13
37
2
2
2
2
38
2
2
2
2
2
2
2
2
5
4
12
2
12
2
2
2
25
2
2
2
2
56
2
30
53
2
52
32
11
16
2
2
4
2
32
75
8
2
22
36
2
26
2
2
2
2
31
2
2
2
2
2
2
2
18
46
51
14
20
2
2
2
2
33
4
2
2
2
2
2
2
2
17
2
13
2
10
2
2
9
23
2
2
2
2
31
2
17
73
2
49
36
22
2
2
2
2
2
19
75
18
2
2
20
2
49
2
2
2
2
52
2
2
2
2
2
2
2
29
29
58
2
29
2
2
2
2
35
25
2
2
2
2
2
4
2
2
2
2
2
2
2
2
21
37
2
2
2
2
26
2
6
75
2
43
25
15
2
2
2
2
2
2
96
2
2
2
19
2
85
2
14
2
2
26
2
2
2
2
2
2
2
21
40
2
2
41
2
2
2
2
36
49
2
2
31
2
2
32
2
2
36
2
2
2
2
2
41
58
2
26
2
2
36
2
36
32
2
46
51
2
9
2
2
2
2
23
54
39
2
2
12
2
35
2
2
2
2
26
2
2
2
