13
-4
-14
30
19
26
10
69
1
-31
22
23
-26
-16
5
15
14
-16
-20
48
5
-4
-15
36
15
5
23
13
14
-12
-19
-11
12
-19
-5
43
2
-7
-17
21
25
13
26
3
27
0
-14
2
1
-12
-9
35
12
1
-13
35
20
13
25
4
15
-13
-9
7
6
-18
-11
55
13
-19
-11
20
16
22
22
-3
22
-18
-24
0
-8
-5
-1
28
22
-7
-12
25
32
15
26
-11
12
-22
-39
24
5
10
-6
35
2
-14
-4
19
20
21
-2
12
-7
-18
-31
26
6
-4
-17
31
10
4
-3
34
18
0
35
-5
36
-45
-41
-20
2
5
7
35
27
15
-16
31
36
3
39
-16
27
-48
-51
-10
23
13
-18
28
-9
-19
3
4
16
16
-31
27
10
12
-4
15
9
-1
-33
10
11
8
6
30
10
-12
14
18
15
-6
6
-5
-27
7
-2
-24
36
31
9
43
9
6
31
-9
7
-37
-23
4
28
-6
-45
69
11
-29
0
21
-1
25
0
19
18
-3
0
-30
46
8
-49
51
-14
-22
12
43
-9
-16
14
23
16
-9
0
-59
17
4
17
16
-1
13
-10
28
0
-9
18
17
11
-15
-9
-9
12
5
12
13
-2
0
-19
-16
1
40
1
19
31
-4
-34
-2
14
7
6
7
3
11
-6
5
9
17
15
5
22
-5
-23
-8
44
1
-26
47
-22
-28
-3
-6
-8
7
-5
34
14
24
3
-24
33
5
-35
57
-7
-33
15
31
-14
-17
19
0
14
-12
-11
-48
30
2
-30
30
-16
-20
14
19
-12
-13
20
17
20
5
9
-20
11
-15
22
32
15
9
-5
28
4
8
21
-8
12
-31
-17
-2
49
-20
6
56
4
-10
-10
-1
17
9
12
17
12
-2
-22
-23
40
-10
12
48
1
2
4
14
9
7
18
3
15
-3
2
-26
39
-9
-10
38
4
0
9
23
4
5
2
15
19
-3
16
-38
42
-19
-4
56
9
-14
-2
9
7
6
4
14
11
4
4
-30
20
8
34
-9
1
-17
9
-14
39
17
-7
2
-17
9
-22
39
34
27
29
-11
-20
-2
14
-4
21
17
-24
39
-51
21
-12
52
47
1
-18
17
-7
1
15
42
-5
-11
10
44
-41
6
-11
16
-3
6
10
-14
9
10
23
34
27
-10
30
-17
1
-32
-55
38
30
6
27
16
-30
-3
9
-2
5
4
-7
27
-18
36
-30
57
7
-4
5
-2
3
32
2
70
9
-20
55
8
0
-23
-31
13
1
-11
-4
20
5
15
-7
50
13
-8
34
14
14
-23
-28
11
14
-15
-4
31
2
-1
-5
6
6
15
18
6
31
9
-19
3
29
-9
1
5
-11
-8
20
14
11
-2
32
-14
40
2
-14
-7
19
-11
34
14
-11
-6
-10
10
8
-2
44
-2
27
-35
-42
4
19
-6
30
6
0
-3
-17
-15
8
33
23
12
23
-13
-42
6
32
-9
17
6
-9
-14
0
-16
2
25
12
9
28
16
-4
0
48
-10
13
23
-29
-20
-4
-14
5
-9
13
32
6
31
-5
0
28
-2
-5
29
-16
-22
24
10
2
-7
24
-20
35
-12
-8
-26
34
-3
-15
44
-14
-28
15
7
-2
-6
16
2
21
0
15
-11
4
4
20
-4
14
3
2
8
-3
14
1
6
13
-15
-15
5
28
-3
2
-1
-3
-5
-5
-9
1
17
-9
33
-2
8
3
-6
13
0
-1
14
8
-5
2
1
-3
31
8
-1
22
-17
5
-30
30
-5
-12
33
3
-15
5
10
-7
5
5
14
13
2
5
-30
35
20
15
-1
-5
-19
10
-15
23
8
-27
31
-43
38
16
36
23
31
30
-12
-13
-5
4
-8
18
5
-21
33
-38
26
-5
31
6
24
-5
-23
0
25
22
32
15
-1
-4
11
-6
12
12
22
18
-3
-33
31
5
2
5
66
-2
-23
36
17
-1
-18
-27
-20
17
21
-9
17
-8
6
17
39
6
-19
21
5
-3
-22
-45
6
55
13
-5
29
-39
-2
23
11
3
-21
-17
41
-21
45
2
19
32
8
-23
39
4
6
13
70
7
-25
37
2
8
-20
-14
-44
54
-7
-32
66
6
-7
-3
68
3
-26
26
42
7
-6
11
-51
49
14
-20
19
-27
-9
17
22
-6
-26
-8
61
-20
34
-20
8
5
12
1
-51
2
12
16
-4
2
13
14
6
35
6
-7
-11
1
12
22
-26
-6
-14
-7
-25
-5
27
12
4
27
-24
-35
-11
10
5
43
-21
1
-2
-9
-45
4
38
7
-4
20
-10
-21
4
24
4
27
-14
-12
-15
-2
-28
10
17
12
10
14
16
-14
16
19
5
8
-25
-10
-9
8
-12
0
5
-6
31
-6
29
18
21
2
6
3
-19
3
-2
12
-10
-8
18
0
-1
25
2
22
-11
18
-9
7
11
-11
-16
2
-6
-9
3
21
1
37
5
12
-19
-15
15
25
-31
21
13
15
18
18
2
8
-6
-7
-5
-15
45
-1
27
-26
-29
12
-15
8
-3
13
34
-14
25
-16
-19
-9
0
15
4
3
-6
11
-13
-2
-10
11
22
3
7
10
1
-15
-10
29
19
25
-22
-12
-30
1
-32
18
12
-17
13
-18
24
-20
17
26
31
62
-17
-18
-13
-1
-13
29
-14
-10
13
-45
30
-9
48
17
35
43
6
-6
18
-8
-6
13
9
3
6
-2
15
-19
-1
36
23
-1
12
-4
11
9
28
-3
-8
6
24
11
18
-11
-21
35
8
9
0
-6
4
2
26
-12
-11
21
22
4
4
-15
-30
40
10
13
33
-14
-8
-4
8
-10
-5
4
18
16
5
-25
-22
65
16
11
23
-40
-3
11
3
4
-15
-7
47
-11
59
5
10
41
25
21
17
-13
18
17
25
2
-20
23
1
1
3
7
-32
39
12
-24
40
-6
-10
4
44
-9
-24
28
34
15
-25
-34
-56
43
39
-35
1
-15
-1
27
35
-3
-22
-22
62
-25
18
-6
-5
22
22
-16
-33
-18
13
4
36
-9
-14
18
46
12
2
-34
-20
9
11
16
-20
-1
8
-6
-9
2
22
8
15
25
-7
-33
-3
10
15
16
-9
5
8
2
-25
7
32
-14
12
5
0
-21
20
11
12
11
-16
1
-4
10
-11
9
22
-12
11
-4
10
-10
27
18
-1
-3
14
-1
-1
-8
14
3
6
21
16
8
-9
-6
-16
28
14
-8
31
-8
-13
-1
-11
-16
20
-10
20
17
18
7
-22
26
8
-2
13
-17
-11
12
-11
-11
-6
-7
16
10
28
20
2
-1
-3
33
-5
-8
0
9
30
21
-19
24
0
-12
8
-20
47
-2
37
-8
-3
24
1
-5
-15
11
42
-9
1
21
-7
-33
-17
-8
48
-35
-35
38
13
37
6
13
19
-45
11
-18
3
18
13
-6
26
-16
-12
23
-17
7
1
5
22
-29
15
-20
-8
4
6
-25
27
11
-25
32
20
5
21
1
-2
5
-12
16
-30
-27
-11
7
12
18
-4
14
2
-19
-18
-4
17
9
9
27
-3
-40
-41
31
33
37
-31
-10
4
-11
-29
-9
22
-22
22
21
35
-18
-28
18
23
4
-29
-3
7
6
17
-10
9
-2
20
5
-3
-13
-24
42
8
7
10
-27
-3
3
8
-11
-24
5
39
11
20
-37
-7
62
9
34
4
-38
0
-3
-5
1
-19
13
42
-3
55
-11
4
30
27
10
16
-17
2
8
1
-2
7
19
-7
30
-4
-3
-44
49
21
16
8
-29
-18
10
-18
2
-6
-2
18
15
19
-20
-26
36
51
-3
-12
-19
-7
30
24
11
-27
-12
12
-19
0
-44
0
33
29
-29
2
-11
15
21
51
-1
-23
-1
49
-35
3
-25
12
23
4
-21
7
-1
8
7
49
-8
-9
39
25
20
-20
-43
-22
34
7
6
-4
-4
3
7
-5
1
12
5
25
19
12
-3
1
8
5
8
-27
3
0
5
-7
-11
25
-1
8
14
0
13
-4
19
-4
16
-9
5
-16
-5
-17
-16
30
15
-1
30
-7
22
-45
47
2
32
17
-12
-13
-7
-33
-6
11
-10
17
14
36
22
-25
32
4
-3
24
-9
-13
21
-5
-2
-6
-8
2
17
26
31
0
3
16
-10
11
16
2
18
32
6
6
-5
12
-10
-7
-13
24
-3
-5
2
-21
7
12
-1
33
7
7
14
12
17
4
-20
-2
-7
-1
24
-19
-3
14
-16
50
15
-17
16
13
-16
6
-18
42
-17
13
1
17
24
24
-11
74
6
-29
29
7
-22
-36
-28
18
-20
31
-8
23
42
26
11
43
14
-10
-7
-4
-20
-20
-33
45
-16
9
1
9
23
0
-15
-5
3
14
1
8
-25
2
-60
47
-11
39
-10
-54
6
9
23
43
20
5
-4
21
-41
1
-22
44
34
9
-26
25
10
4
15
38
0
0
-11
35
-22
15
20
6
38
7
12
-3
-12
-9
0
10
-5
-4
14
20
17
20
-37
-11
56
15
37
15
-23
4
-7
-21
4
1
8
15
11
52
3
-5
45
23
18
14
-16
-2
-5
-20
-7
15
-6
16
18
32
15
-27
22
42
6
-57
1
1
39
-14
17
3
-43
26
-22
44
30
38
5
28
15
-34
10
24
3
36
-14
-32
36
11
26
-11
-27
-25
18
40
-34
-5
13
15
13
31
-4
6
-4
31
7
-3
-16
-26
46
10
-45
19
-26
-9
20
42
-7
-27
27
51
15
11
-40
-16
18
21
-1
-43
4
9
18
-10
10
17
-3
23
4
32
5
35
22
6
11
-4
7
-1
-12
-14
-10
32
-1
29
8
22
12
3
7
3
11
3
16
-3
-3
-11
-19
37
-5
8
13
9
11
0
12
9
33
-9
7
10
1
-31
-24
25
-37
19
-6
53
43
21
7
9
11
-26
4
13
18
-14
-10
12
-17
7
19
38
41
20
14
16
35
7
-4
24
-4
16
1
13
6
10
-1
17
-18
35
33
-3
28
46
-13
19
-14
29
4
-23
34
13
-14
27
-22
25
26
22
24
49
-2
36
-3
61
14
-39
21
12
-26
12
-5
34
7
5
14
33
20
16
3
40
21
-14
3
-2
-14
-8
-22
27
-14
19
28
17
20
7
-12
6
24
20
14
-12
2
-52
-109
24
24
15
46
39
-18
-19
-32
-15
31
37
1
30
-41
21
-53
76
27
14
-5
12
7
-7
4
12
11
14
3
7
22
8
-12
-20
50
32
-3
36
-3
-2
2
10
0
7
-31
31
-9
27
2
-16
33
27
32
-15
-13
1
7
-15
5
12
-36
40
-40
31
-11
39
31
24
45
0
-4
15
-13
-14
-1
16
3
23
-9
18
-17
-4
31
25
20
-11
4
4
1
-30
13
31
-23
30
-25
30
4
23
-6
41
5
-66
20
49
20
21
15
2
6
8
-1
19
-8
51
-10
16
29
-7
2
36
-12
36
3
-7
44
3
6
1
-67
63
-11
32
12
-4
0
17
-17
15
25
32
31
12
-6
-29
-97
40
75
10
-45
29
-35
-26
17
36
14
-34
-6
86
-49
47
-18
37
18
-5
-4
-51
-12
22
14
43
22
-4
21
39
-1
22
-7
38
1
-32
35
-1
9
15
-17
9
29
35
30
8
32
-2
-4
22
-10
-19
33
-5
22
30
-11
22
34
12
29
-3
11
-13
0
37
4
10
-8
30
21
24
-4
25
24
25
-4
5
-3
10
-4
37
19
-3
-9
37
1
3
10
4
0
10
-24
16
-11
52
23
56
22
7
45
25
-4
20
-14
3
2
21
6
10
-2
48
1
49
21
-7
38
-1
1
25
-13
11
-10
8
17
9
21
27
3
3
11
14
32
-32
15
12
9
11
3
-6
-2
0
13
13
15
-18
15
10
23
-11
5
-4
-10
-32
7
38
-6
9
21
16
-30
-6
-1
31
62
-44
-9
-5
5
-45
41
51
-15
5
-23
2
-53
79
29
21
73
-7
-27
14
-19
-41
1
23
-10
34
-28
46
-27
55
4
-1
16
-52
-7
19
-2
17
-5
22
0
22
36
10
-10
-13
-2
0
33
-44
-6
12
11
25
9
4
6
7
9
20
2
11
15
14
42
22
2
23
-13
16
1
-14
12
6
0
15
-22
15
3
40
47
30
9
41
-13
31
8
-10
16
0
-17
-9
-63
24
14
29
-14
30
15
27
12
43
20
5
4
18
-36
-11
-38
30
-7
14
-20
27
1
13
-4
60
7
4
44
7
-4
-36
-93
25
17
8
47
33
-11
2
-32
5
31
26
49
4
11
-6
-95
44
15
12
67
17
-17
6
-26
-31
16
27
26
8
4
14
-84
39
42
-1
39
-14
-34
16
-2
11
19
-26
12
53
-49
62
-1
60
10
4
3
-1
10
26
12
64
22
-17
28
24
-34
-4
5
27
11
-4
-20
21
20
16
17
50
0
-15
-2
30
-21
-5
27
10
15
-3
24
-15
7
10
-5
9
-14
6
2
18
23
6
3
-21
19
-3
19
-6
8
-3
-12
-3
4
26
16
7
25
0
-11
-34
46
1
26
27
-13
-11
-3
-22
6
9
-32
34
-24
63
13
37
4
8
-3
22
13
17
2
50
11
-7
13
1
4
9
0
14
19
3
9
35
17
33
-6
32
3
-5
-2
12
1
26
32
15
-9
24
20
-32
21
32
-3
11
3
8
-1
1
21
5
-22
10
11
9
44
-21
-1
-4
-12
-24
1
20
-18
26
-17
23
-25
31
3
5
52
-33
-12
17
-13
3
3
-2
22
20
-7
14
-56
53
3
-4
36
-7
-4
22
-15
21
9
0
33
10
1
30
-33
40
-5
8
-24
25
17
13
0
57
10
4
22
0
8
0
-22
18
17
8
-21
58
6
-3
5
34
1
8
-3
8
10
9
-22
7
21
5
5
-4
7
-2
9
13
1
13
-16
16
15
18
2
-2
15
20
17
3
5
-10
10
26
7
-4
11
3
-10
-12
-65
-7
12
27
14
35
4
0
-12
-8
1
46
22
-1
16
-39
-87
-26
40
15
8
27
-15
-7
-6
-2
1
9
16
37
-16
2
-61
-6
8
3
75
-27
-23
31
-14
22
29
-7
48
11
-7
20
-25
26
-1
5
48
35
7
36
-20
29
16
-2
34
0
-4
8
-27
36
10
-1
33
50
11
44
-25
44
12
-17
32
9
0
23
3
19
-5
-15
-3
42
38
23
-8
56
10
-14
21
-1
6
-5
31
-18
17
-2
-17
63
31
10
-3
60
4
-13
0
19
-10
4
31
-13
6
7
-12
31
18
16
9
41
-2
2
-7
16
-8
0
-4
14
-4
-1
22
-5
10
11
-5
6
-10
16
8
3
16
-2
-32
3
23
0
27
-22
-9
9
3
-12
-2
1
-16
31
-7
52
14
36
11
-10
-11
51
31
4
-1
47
7
-14
13
-5
16
-7
24
-34
30
3
-7
71
18
18
-4
44
11
-9
-2
12
-10
15
21
-3
7
18
-12
27
9
22
-2
46
14
4
7
13
-8
8
-25
34
20
16
-7
45
-7
-11
-5
28
13
4
-1
18
-10
13
-50
41
17
14
5
33
-8
-3
-9
34
3
-6
5
23
-15
9
-54
36
25
2
-8
39
-10
-5
-3
33
12
-17
25
12
9
-2
-56
-8
19
5
-9
44
17
-12
-12
10
7
16
5
1
29
-2
-27
-46
47
13
-6
60
0
-4
1
20
0
0
-25
37
-14
34
14
-2
6
31
-4
-11
16
35
19
29
12
4
-12
27
-37
11
-21
70
-27
22
-2
-25
28
19
8
18
6
26
19
-5
9
-14
-67
43
-5
24
45
-21
-9
7
-24
-30
7
54
7
23
8
5
-70
52
22
1
62
-18
-19
28
-36
-9
3
12
19
35
-15
45
-33
51
12
2
43
13
-4
57
-16
56
29
-24
49
10
7
28
11
18
12
-11
17
60
19
26
-13
55
20
-19
28
2
6
17
23
-4
12
-10
16
60
27
21
-16
28
7
-1
8
2
11
6
20
-18
9
-14
21
53
33
17
-20
3
1
18
0
-3
25
-8
15
-28
12
-10
5
54
30
13
-14
20
0
12
-4
8
13
0
17
-26
17
6
-22
52
25
8
-2
48
6
-2
-5
21
-7
2
11
-9
17
15
-20
53
15
11
6
42
0
6
-22
26
-19
17
4
30
14
1
5
8
-5
16
18
24
4
-19
-13
23
-17
47
15
66
8
-11
21
37
19
8
-2
23
0
-11
15
-15
22
-6
1
-16
9
-1
20
25
14
12
-4
4
0
9
7
-8
24
-10
-5
-26
27
6
2
42
5
-8
2
5
1
13
-6
7
11
-4
-18
-19
40
6
-4
27
-3
-26
17
1
9
6
-30
27
-17
24
16
8
19
22
-5
10
13
0
15
16
8
7
-10
3
-4
-11
-20
-13
24
8
-34
28
10
-17
0
14
-10
20
-3
27
25
-1
-11
-46
9
7
3
26
11
-12
-12
-4
0
15
8
-2
25
-7
-32
-30
15
6
36
16
-3
-3
-7
-11
13
3
-2
8
-2
26
-7
18
1
16
-2
-27
8
32
24
22
34
4
4
9
-16
21
2
60
-3
-6
25
12
7
25
-6
18
21
29
33
-9
14
10
-38
55
9
11
65
24
-16
25
-22
1
18
27
32
10
-12
38
-46
89
13
-8
52
39
1
47
-24
29
2
-8
32
9
-17
42
-1
60
6
-3
41
29
13
40
-18
31
10
-18
35
0
8
14
7
5
18
-4
22
46
20
22
-17
12
0
3
5
15
16
5
13
-21
11
-6
21
45
22
23
-18
4
0
18
-3
12
20
-3
6
-13
8
-7
22
39
22
25
-19
2
1
22
-2
10
26
-2
9
-12
4
-9
25
41
23
21
-19
0
0
22
-1
6
27
-5
7
-11
8
-13
20
47
24
16
-18
7
0
14
-2
7
20
-2
13
-13
19
-3
-10
48
18
4
-2
35
1
-1
-1
16
4
8
13
-11
36
5
-25
56
0
-10
17
31
5
-6
-27
29
-9
46
34
26
-2
9
-1
11
24
8
6
23
4
-4
9
-14
27
-9
-8
-23
11
18
4
-9
14
5
10
-12
2
10
-5
6
18
4
0
-21
17
9
7
27
9
-5
-4
-4
-6
13
-2
3
31
2
-23
-34
19
13
22
-8
2
-10
-2
-23
11
19
-8
5
16
18
-30
-3
-4
32
17
-46
10
26
2
-17
2
32
-15
5
24
2
-9
5
11
2
1
-9
8
2
-14
-15
-9
26
-6
36
14
-6
-25
-18
-7
8
7
-8
18
-4
-10
-16
1
36
-1
4
25
-12
-30
-12
6
3
39
10
9
13
-15
-10
9
21
9
6
14
18
-8
8
4
-15
22
-4
1
24
0
24
22
-2
32
3
25
14
2
4
5
-22
23
40
20
15
-10
24
13
14
26
-3
20
-1
1
-4
7
-8
46
50
16
24
-15
13
12
11
10
-3
2
21
10
25
8
-9
25
61
23
27
-16
24
3
4
9
-4
7
17
22
4
8
-7
14
46
24
22
-12
17
2
4
8
1
23
0
13
-17
7
-11
21
41
23
22
-18
0
1
20
4
5
29
-6
5
-15
8
-9
22
39
19
22
-18
1
2
19
5
7
31
-4
4
-14
9
-8
23
40
19
23
-20
1
2
20
3
10
26
-3
4
-12
11
-8
26
42
18
23
-18
0
3
19
4
8
27
0
7
-10
12
-9
27
47
19
23
-19
1
3
19
5
7
28
0
11
-12
20
-10
11
52
17
11
-7
16
0
3
5
13
14
10
22
-13
26
4
3
31
3
0
16
13
2
-7
-27
20
-2
40
39
16
0
22
-26
22
35
7
16
29
7
5
-8
-8
16
-6
-1
-13
2
24
-39
-1
34
9
24
37
10
-4
-9
8
5
-15
8
-19
0
20
-34
2
19
-3
16
18
6
-10
14
7
31
-5
-20
-40
-9
20
9
-10
34
13
1
-18
1
31
-12
-6
22
14
-15
5
-8
9
26
8
20
10
-14
-18
17
42
4
-9
11
6
-34
32
10
5
12
-3
13
0
-2
-5
15
26
-13
23
-25
16
-17
52
-6
8
9
-3
27
11
-7
8
10
18
9
5
11
-12
-21
0
8
13
26
11
12
18
-17
-10
9
29
5
8
23
3
-22
-13
15
-2
-1
20
10
8
-16
15
3
8
4
21
21
5
-5
-30
25
-7
3
35
14
4
-15
5
4
13
-7
17
27
22
19
-41
23
-7
30
45
16
19
-12
0
7
14
-3
4
20
23
24
-20
14
-6
28
40
21
21
-16
-3
1
21
-2
4
24
7
16
-16
14
-6
25
37
19
20
-19
-4
0
23
-4
11
27
4
10
-14
11
-5
30
33
18
21
-20
-7
2
24
-2
9
28
4
6
-12
14
-5
30
32
15
22
-20
-9
1
23
-1
13
28
6
5
-12
12
-4
29
34
18
22
-19
-8
2
26
0
9
29
4
4
-12
15
-6
31
35
16
22
-18
-5
1
21
0
12
26
8
10
-9
16
-4
30
35
15
20
-19
-8
0
22
1
9
32
8
8
-14
20
-5
20
43
12
9
-10
1
-1
9
3
11
21
13
11
-13
23
8
8
24
2
4
16
8
3
-5
-28
19
-1
41
37
22
2
8
15
-18
24
7
12
6
11
8
-10
5
-15
18
24
38
12
24
1
19
11
18
-14
44
0
-5
6
22
-5
-3
-26
-8
5
17
-10
2
-1
14
-2
26
2
7
-4
24
7
5
-31
11
-2
1
24
-1
15
18
4
6
14
10
-15
5
-11
19
5
31
1
-5
16
42
35
16
-14
5
0
23
3
-5
19
-11
-3
-17
-4
3
13
3
28
7
0
7
-1
26
-12
2
3
-3
-9
8
-5
-1
17
-9
25
13
-8
16
3
21
2
2
19
6
-1
-15
-3
15
20
-6
13
16
-13
-9
6
29
-5
5
22
2
-19
-14
14
-2
15
11
6
8
-9
5
0
-8
3
23
-4
12
-10
-7
13
-2
30
19
14
13
-19
-3
3
5
15
7
17
3
-18
-23
15
1
42
18
14
22
-16
-19
-2
22
3
8
22
11
-2
-16
9
-3
40
19
21
20
-19
-20
-1
30
2
2
25
2
-3
-14
9
-2
41
17
19
17
-18
-21
1
29
-2
4
19
4
-3
-9
11
-3
42
21
19
17
-20
-22
1
28
1
4
22
4
-4
-12
11
-3
42
20
18
18
-20
-22
1
30
2
5
23
3
-6
-10
10
-3
41
18
20
19
-19
-21
0
30
2
4
23
2
-4
-12
9
-3
43
18
18
18
-20
-20
-1
29
2
5
23
2
-6
-10
10
-4
39
21
18
17
-21
-18
-4
28
1
7
24
4
-6
-12
11
1
36
10
16
11
-14
-22
-5
30
-6
10
18
13
-2
-10
19
6
23
10
6
7
5
-6
-2
8
-29
24
-10
44
31
24
-9
-3
8
-33
14
32
8
26
4
11
14
-6
32
7
21
11
-4
9
9
4
12
7
-11
19
8
2
27
-7
25
-19
-36
-18
22
-3
1
18
-6
8
0
19
-9
-9
-4
34
-12
22
-9
21
12
-9
14
19
0
3
-11
13
5
-3
26
5
24
6
-25
-7
-2
-2
35
13
16
25
-4
2
9
15
4
-3
15
0
1
11
-3
4
18
-12
19
31
7
4
6
23
-18
6
18
-4
16
21
-20
-9
4
13
28
7
-13
24
-4
15
16
-3
22
-30
-11
-16
-2
-5
8
14
21
10
-8
9
1
15
13
-5
30
-9
-8
-24
15
1
15
12
8
9
-6
-1
-5
11
-10
13
15
9
-6
-11
9
1
13
8
7
6
-5
-2
-5
13
3
3
32
-2
-8
-25
10
-3
24
2
10
12
-6
-13
-1
20
-4
7
26
2
1
-14
10
-5
27
3
13
13
-9
-13
-2
22
2
6
29
-4
-2
-19
9
-6
26
5
12
13
-9
-12
-2
19
3
6
30
-4
-3
-19
8
-5
27
2
13
13
-9
-13
0
21
2
5
29
-5
-3
-17
10
-5
27
-1
12
13
-8
-14
1
22
1
8
27
-4
-2
-16
8
-6
25
5
13
13
-9
-10
-1
20
3
6
30
-6
-4
-19
8
-7
26
5
15
14
-9
-11
1
20
5
4
29
-6
-4
-17
8
-4
23
7
14
12
-9
-12
2
18
2
5
28
-2
-5
-15
3
1
21
5
15
10
-4
-6
3
15
4
0
25
-3
-10
-10
18
2
22
7
0
4
5
-11
4
3
-22
19
-1
41
27
24
