9
1
-10
-4
23
-16
17
-1
-15
10
-3
9
3
-4
-1
13
14
14
-18
-4
5
-11
4
5
9
18
20
6
-24
5
-1
24
12
14
-25
13
4
-24
5
4
2
30
1
8
-16
-9
1
17
14
7
-15
7
-5
-12
4
-18
3
33
-10
5
-7
0
1
19
0
13
-13
6
-9
-17
9
-5
9
28
-4
3
-10
-2
-3
20
0
3
8
-5
17
-18
4
-15
-3
5
-10
11
9
5
3
11
-1
-17
33
-2
37
-11
17
0
-26
-13
-46
19
45
13
10
-18
-14
2
18
-5
27
-20
-15
5
11
-23
6
6
-8
10
15
7
38
-57
11
-15
16
-38
17
8
-30
-15
-64
31
43
45
44
-29
-12
-26
28
9
16
-6
1
15
-13
-7
-47
-11
25
19
15
-10
-9
23
4
-2
37
-16
-7
4
16
-5
25
10
-23
-12
8
19
20
-26
0
0
-1
5
7
8
-11
-5
-22
-3
10
41
-3
3
1
10
0
24
-12
5
0
23
8
10
-14
-8
-1
3
-25
20
14
31
-15
6
18
4
6
-7
7
-2
36
3
-14
-13
-24
29
23
-2
-10
-1
14
-10
22
15
-9
11
-9
23
-5
10
11
12
-2
-1
-10
0
14
-7
40
22
0
13
-18
15
-10
-2
12
12
3
-2
14
6
6
11
-2
5
-3
6
-2
-1
14
24
-4
16
-9
20
-3
15
7
2
14
18
14
6
7
-6
-3
-3
-19
20
24
11
-13
6
-6
-1
-4
-3
8
4
26
-2
-3
22
-8
15
6
14
-5
7
-2
-10
18
14
15
10
2
9
-11
-3
0
11
-6
-14
-1
-6
23
-4
12
1
-29
4
-21
8
10
6
19
-2
-7
18
-12
-14
28
9
-25
-12
-8
-2
57
-16
10
-15
3
-17
17
-7
-35
-4
-17
-13
-15
-15
-7
14
13
-13
5
11
-1
-5
-2
2
-17
-4
0
-27
13
-32
-9
25
-17
-7
16
-10
-8
-1
-9
24
-5
-5
16
-27
-14
-32
1
2
22
-4
13
-19
-8
3
-13
17
1
-12
19
-18
-2
-29
0
-9
12
1
6
-7
-5
9
-15
17
18
14
16
2
6
-6
9
-7
-11
13
13
-13
-27
24
-32
39
11
1
24
-12
13
-37
50
-32
34
-6
-17
-24
-27
26
35
-25
26
-15
5
-3
28
4
-5
-19
-20
35
17
42
27
-8
-45
5
46
26
26
52
-2
11
13
-10
-5
-28
10
-21
-21
9
-3
29
7
20
6
-15
9
13
23
11
19
21
-38
-20
17
4
41
-12
-6
23
-13
20
47
6
-8
14
-31
12
-24
23
13
6
18
7
15
20
-19
46
-27
-24
-14
5
16
-18
18
26
-14
10
25
-4
-14
-5
-22
22
-33
-46
-30
3
24
-16
22
33
-15
-2
8
-13
-14
-11
10
7
-20
1
-41
7
10
-1
29
14
12
-19
-31
-1
1
-12
29
-6
4
32
-3
-5
3
12
38
-4
10
-12
1
-2
18
-13
4
8
-15
-12
3
-2
3
5
41
22
-6
-1
1
1
-5
-11
17
30
-16
-15
-15
-3
30
-5
32
-6
-3
-1
35
-24
-11
-6
-12
-1
-23
-12
-30
-5
6
7
23
46
23
-14
-9
-9
0
-7
13
17
15
3
-11
5
-4
4
19
4
10
-1
-5
-16
2
-8
5
3
-1
-31
-39
-4
-10
-16
17
1
0
-24
-33
23
-11
-15
1
-16
1
-33
8
-11
32
-9
30
-41
-45
-16
5
-18
-7
-21
4
-23
-20
-14
-31
-11
2
-6
38
11
-2
-27
-10
0
-7
-17
27
-41
-29
-38
-26
-11
1
0
35
-11
18
-24
-8
12
-2
-12
14
-37
-10
-27
0
-8
-4
19
17
-5
-1
7
-17
22
-9
8
10
-16
28
-6
8
1
-7
6
-11
-8
-26
29
1
28
14
35
5
-4
0
-18
14
-7
-9
3
-10
-10
-51
39
-3
19
4
10
-26
0
11
-3
32
7
19
-6
-15
9
-19
14
21
-6
28
11
-36
20
43
-17
1
-6
-26
6
-11
31
-16
3
-23
34
21
47
-25
20
14
-16
35
0
-14
-14
-15
-19
-48
10
28
12
-11
27
-32
-8
28
12
21
29
-10
29
-16
4
-14
10
7
-6
-2
32
-22
15
71
29
9
26
-49
23
-13
-2
-12
14
14
5
14
11
-35
38
4
-46
-18
8
9
-14
6
17
-33
2
24
-16
-3
4
-42
21
7
-45
-19
-6
-22
-11
9
52
-33
1
-3
-17
5
-3
5
43
24
-13
-34
0
-17
-17
11
14
-5
-9
-25
-12
11
-2
-18
7
14
-14
8
-4
-32
2
30
-3
-30
-7
-17
4
18
2
-18
30
-16
-35
20
0
1
-16
31
5
-41
5
-13
7
0
14
3
24
0
-33
-15
4
12
-17
12
-13
-30
7
18
-8
6
11
-29
23
0
-23
-11
8
-1
1
-2
36
-6
17
-20
-9
7
4
13
8
4
22
-16
-6
-5
3
7
0
7
-6
-3
2
13
6
13
-7
-6
-9
-18
2
-5
-4
-8
-6
1
13
-53
32
8
15
24
-17
25
2
20
-5
-11
-5
0
-28
-35
16
-27
36
31
-7
29
-26
-27
-1
3
-20
23
21
38
-7
-17
1
-39
18
28
-3
53
-32
-39
13
-3
-37
0
16
10
-22
9
2
-3
-2
10
0
31
-16
-9
18
-2
-24
-20
19
10
6
-19
20
-19
5
24
22
36
-15
32
69
14
-2
-49
33
-9
-29
-8
24
-8
20
25
31
5
4
7
12
16
5
-32
28
15
-23
-47
33
28
-9
9
-3
-23
29
8
-38
-15
5
7
7
6
12
-21
9
53
-31
26
-3
-4
52
23
-47
-30
-13
-13
12
24
29
-10
4
38
4
-7
10
-33
45
-8
-52
8
8
20
1
-9
4
-14
30
43
-41
-18
-3
-35
14
31
-14
-20
25
-23
19
29
29
26
-14
-6
-12
14
23
0
23
15
24
-3
17
-20
24
33
-8
6
0
15
5
11
22
-4
13
-18
-26
-12
2
-2
-5
15
25
-35
21
20
21
-1
11
-11
-9
7
-4
-3
6
-1
17
-13
9
-30
23
21
5
2
2
7
1
9
20
10
0
-4
23
-10
10
-8
24
6
3
2
9
7
12
-18
1
-1
-1
8
-17
1
5
-28
20
7
14
-7
5
0
26
-16
-20
11
-3
35
-34
14
7
-31
8
32
-4
-20
12
-9
20
13
19
-21
16
12
-7
-12
21
13
8
27
-3
4
-3
-8
35
7
19
-7
12
33
1
10
37
20
4
-22
2
2
0
17
21
11
24
-9
-10
22
-18
4
0
0
-6
11
3
18
1
-18
-16
11
20
20
-4
-12
28
-12
3
17
6
4
3
27
22
41
1
16
20
0
-7
-23
13
-17
-21
21
13
13
2
23
12
-21
0
-31
-49
7
-5
-17
-16
-1
26
-32
29
0
16
1
-1
18
27
5
12
22
-8
30
-17
-7
3
-19
19
0
-3
3
-2
11
-9
-2
56
4
-12
-9
11
-1
13
10
3
5
-28
8
-27
25
27
-52
75
-6
-4
24
11
40
-21
47
-29
25
-32
-17
2
-30
36
-61
-6
-14
4
0
-12
25
-9
-3
-4
16
-7
-14
7
-35
29
-21
-21
-8
0
21
-9
1
8
-27
16
31
-6
3
6
-23
59
-1
-16
-7
11
20
2
-7
11
-13
23
25
-13
-17
1
-54
34
-26
-26
-4
9
22
-11
10
21
-5
-8
38
-65
-26
-20
-35
25
20
-1
-43
6
-18
10
43
38
58
-45
34
-46
-11
-23
-53
56
-7
-6
9
7
14
14
46
11
43
-36
22
-45
-22
-3
-18
5
-45
-11
-23
-8
3
-19
35
40
21
-21
3
8
9
11
22
1
-6
-7
-18
-3
9
-2
25
2
-19
1
-3
21
20
6
16
7
-18
31
5
-3
20
1
-7
7
-14
3
-10
11
17
7
6
20
-45
37
-2
-6
20
-25
17
26
-18
1
-20
-2
-12
-16
5
16
1
-11
-19
-7
8
-42
45
24
-22
-20
14
-12
-19
-24
-22
8
-11
-4
-34
5
26
-14
27
36
2
-11
18
-14
2
-29
23
21
-32
24
-39
-16
58
-6
40
27
36
-32
-18
-12
-5
-18
16
21
-14
40
-16
-16
31
-21
14
13
18
-20
-9
-5
12
-11
-26
-7
27
34
27
-13
-18
9
-13
39
14
6
18
8
21
16
9
15
-19
-21
-5
-3
4
-18
-24
-2
0
15
9
15
3
19
-9
-8
14
7
9
4
-16
-4
-34
6
-14
33
3
25
0
0
-20
-17
54
49
48
8
12
26
-33
4
10
14
14
9
5
-2
4
-15
6
21
2
0
12
23
-19
11
6
8
-3
20
17
16
-31
24
-2
-42
24
-2
10
-17
-17
-8
-49
27
-7
23
8
30
-17
11
-42
-9
5
-4
16
-27
8
-1
-69
31
13
28
15
19
10
21
-8
-18
-17
10
27
3
-3
-11
-43
37
19
39
10
20
12
43
-43
-27
-10
9
52
14
-18
-32
-51
44
34
-6
-7
-5
-1
23
-28
-41
-37
4
24
5
12
9
-17
5
1
-38
17
-7
-9
25
17
12
-19
-22
-25
16
32
23
25
-26
16
-37
-16
-19
-49
11
-8
-21
5
-20
-19
2
11
51
22
-1
14
-43
-12
-18
9
-3
-9
6
-45
-1
-2
-5
39
28
40
-37
33
-17
-1
13
12
27
-6
-48
-22
1
-10
4
1
3
-12
30
-3
32
14
-1
28
27
-31
-10
2
-1
50
8
-14
-35
-33
23
32
7
-18
-5
-5
9
-38
6
3
6
22
28
-12
-2
-8
16
-13
-16
-21
-2
23
13
19
23
-35
6
-27
-2
15
-5
7
-13
-6
-8
-26
-10
-24
14
14
-2
-10
6
2
-10
28
21
-12
-19
-7
-3
-8
-6
11
35
21
-10
-14
-9
28
-15
9
2
3
-7
-36
-5
7
-11
18
13
7
48
14
-36
6
-2
-2
22
21
-15
17
-30
22
-11
11
4
50
-14
-15
-12
-58
25
9
28
26
-7
26
0
12
6
15
13
-6
-19
-1
-8
1
1
-25
6
-15
22
20
4
-3
19
14
-27
39
10
9
-6
-44
45
-21
-7
-7
34
25
-13
29
-3
-2
22
27
-36
0
11
-24
28
2
0
2
17
40
-6
10
11
-42
25
29
-27
16
15
-27
36
-23
12
-8
31
47
2
15
26
-48
17
-7
-33
11
11
-36
11
-19
36
-24
38
39
13
17
19
-16
34
-27
-11
9
5
16
21
2
-15
-22
37
58
1
2
3
-23
59
-25
-43
-28
14
36
5
-4
2
-13
37
12
49
0
11
-6
35
-25
-57
1
11
61
5
-16
-36
-67
49
-8
26
-4
17
-11
10
13
8
10
13
22
13
-3
-19
-40
20
-15
5
31
22
2
27
10
-2
20
-20
-14
21
-12
1
6
30
23
-8
-4
19
-24
-6
-13
-19
4
-33
-16
7
-44
31
2
23
9
-7
21
18
5
30
44
-41
-26
19
-33
21
-29
-37
-5
27
6
-10
26
26
-1
51
-1
-38
-24
4
-16
1
-3
-5
-18
28
-6
51
31
16
27
15
-48
-45
-13
3
30
13
-11
-13
-42
45
19
41
2
11
22
11
-31
-25
-19
4
36
15
-26
-23
-53
40
27
1
-7
21
-10
-23
4
14
-15
6
-43
30
15
10
-28
5
24
-7
-14
8
-37
-15
-15
11
-3
15
-31
16
14
36
-12
4
7
10
-3
13
-21
-3
33
32
5
24
-23
32
-8
15
-3
18
-11
28
12
-2
-21
-10
14
24
20
7
10
23
-7
8
-10
11
16
-4
-8
4
12
13
2
-23
-25
2
-4
-8
0
9
-4
7
13
5
-3
1
12
21
-27
18
12
-14
31
3
-5
5
5
11
17
-29
-4
-13
6
20
-5
38
-5
-4
-10
37
7
0
31
4
40
-34
8
-16
-34
55
7
34
14
13
-11
48
16
-16
30
0
77
-48
-22
-18
-58
28
-2
-17
0
20
-32
40
19
24
28
8
30
2
4
4
-39
20
-45
-10
39
20
7
29
19
-15
-6
27
12
4
-10
3
-59
24
-11
-40
24
14
-2
1
26
14
-22
3
64
-29
-13
1
-52
57
-7
-30
-18
23
7
-17
0
34
1
24
35
3
-6
6
-31
19
-7
31
13
22
8
17
-26
9
-2
32
22
5
-12
16
2
2
29
49
16
21
-10
33
-27
-12
14
31
-63
21
45
32
-10
8
28
36
46
-10
-39
5
10
-15
-47
17
1
33
0
17
-13
7
-7
14
14
3
22
2
-19
5
-23
30
35
4
-3
0
-18
35
0
-12
-28
19
10
13
1
-2
9
0
28
-15
-6
9
-67
64
-10
-74
-34
30
-16
-20
28
-3
-14
-16
6
69
7
28
-13
15
-53
-105
35
22
34
12
0
-49
-46
43
28
62
-35
39
-18
-22
-14
23
26
33
36
22
-29
-26
-34
28
-5
26
-10
32
-34
-35
-7
38
11
23
-26
21
4
-10
-38
13
10
12
-13
0
-30
-16
1
17
11
11
-5
13
15
24
-17
9
11
-6
1
-1
7
-10
17
46
1
3
-32
40
27
18
12
-1
-13
30
24
-1
10
-2
-26
18
20
-2
20
20
20
4
-16
12
41
-15
-44
30
-30
0
-31
7
-14
26
-2
-11
3
28
10
3
30
-1
-32
21
-25
0
-2
11
10
23
0
11
-4
10
7
11
11
3
-8
11
-30
1
1
20
19
20
-16
35
-10
-9
-13
27
2
-3
6
8
-45
40
17
30
39
19
-19
19
-7
-5
-9
21
34
4
2
0
-32
18
-13
7
26
15
4
28
-21
-1
-4
31
38
-13
5
12
-22
12
-45
17
12
24
-5
21
-9
2
20
15
30
1
-15
19
-22
-3
25
34
8
41
-20
27
-18
-5
19
22
40
3
-3
1
-24
0
11
14
-4
21
-2
19
-9
17
17
8
35
7
-8
-12
-6
7
-23
10
7
7
32
17
-10
0
11
20
43
-32
-24
-29
1
23
-17
8
-22
11
33
7
25
10
52
-10
-8
-28
3
13
0
15
0
34
3
3
-59
14
31
6
11
6
16
33
-10
4
-1
43
-29
-61
5
3
50
-23
5
-18
-47
33
52
31
-27
22
-68
23
-19
-75
1
23
29
-8
-7
1
-62
29
25
24
-30
39
-59
19
-9
-58
11
35
-8
-12
18
-8
-49
20
38
42
-28
33
-61
-13
-13
-20
46
49
5
26
1
-4
-20
22
51
37
-39
39
-72
-49
7
38
39
64
-15
55
-24
2
-3
31
32
12
-45
21
-44
-33
13
44
19
50
-21
43
4
6
2
26
24
19
-38
-1
-6
-10
-9
-11
14
15
26
8
16
-3
-23
10
-24
12
6
2
0
-2
-15
23
15
-11
6
4
13
-7
-23
-9
-42
19
30
-1
29
0
-51
48
32
-22
26
1
25
-13
-12
-11
36
2
-32
13
-31
-27
-1
5
5
24
-10
18
-6
37
5
17
32
2
-42
21
-49
-27
0
11
10
42
-18
34
-7
24
5
20
3
44
-10
28
-26
-12
12
25
37
36
5
45
-28
-34
-22
33
-6
27
-2
14
-32
13
17
23
42
22
7
25
-3
-7
-8
5
14
24
-16
8
-29
-14
15
15
26
9
0
21
-11
19
-8
5
18
14
-17
7
-40
-17
5
0
15
8
-7
12
4
40
-15
7
41
1
-28
-3
-5
-1
11
12
-5
24
16
25
16
6
27
-5
15
31
-12
15
-13
1
-12
-11
12
12
25
6
6
9
-26
14
-3
35
-11
1
0
0
-8
-38
19
-22
26
6
-10
-3
-37
9
21
-18
-6
-11
-3
7
11
-31
-32
-5
-3
7
-12
9
19
-7
17
-24
-5
-4
-37
9
-13
-38
1
0
-42
25
24
4
-7
7
15
24
-5
1
3
16
-56
-50
12
0
44
-7
19
-19
-29
15
32
26
-24
13
-13
-19
-5
7
-1
31
10
22
-10
12
-11
30
28
10
-35
11
-37
-8
34
38
25
60
-23
42
-2
3
20
26
33
5
-33
12
-66
-24
10
13
35
58
-24
35
12
24
8
12
24
-17
-33
-5
-64
-7
7
-5
9
52
-17
17
40
22
21
-18
28
-1
-28
7
-50
3
-6
-28
10
48
-3
0
14
23
-4
18
23
19
-33
9
-22
-23
-14
-9
22
35
19
15
2
10
-13
27
-4
32
-10
15
7
-1
-3
-9
20
15
29
12
-9
-20
-32
29
-37
48
19
18
20
-16
-19
20
47
-18
17
17
-16
-21
-31
20
10
-16
-18
-18
-19
-33
-15
-11
-22
-1
-4
2
38
43
6
-24
-9
-15
-23
2
-38
-34
8
-6
-1
18
-24
6
38
14
-20
-17
20
19
-21
7
-22
-29
-18
-20
22
23
10
28
11
-13
-22
21
13
40
-20
-2
-7
-6
2
-32
49
7
34
16
-2
-15
-39
39
4
23
-7
5
8
-24
-16
-17
7
-4
10
9
-5
8
-36
29
1
33
-12
-5
-19
-24
-17
-29
32
-5
31
5
1
3
-57
25
6
1
-30
-22
-16
-6
-25
-13
-6
0
43
-14
19
18
-10
-14
-3
9
-8
13
0
2
-41
-39
-1
1
24
-18
5
2
-30
25
17
37
-28
11
2
-13
-22
-16
18
18
37
23
-20
-26
-31
39
32
29
-22
36
-13
-9
24
-1
19
39
-6
44
-46
-62
-3
31
37
21
-14
28
-44
-4
-26
-31
26
28
-13
36
-7
-28
-7
11
29
26
-21
8
-42
14
4
-29
24
29
16
14
3
0
-4
1
20
-2
-30
6
-21
-18
19
8
-7
37
-21
24
21
15
14
-2
10
-18
-30
-10
-41
-9
23
11
10
46
-17
14
38
24
18
-10
15
-23
-38
-13
-55
-19
11
-7
20
40
-9
-1
43
23
7
-24
5
-39
-44
-24
-55
-17
10
-6
13
32
-16
-14
63
35
23
-47
2
-36
-40
-20
-42
-14
4
-13
5
32
-17
-18
55
39
20
-36
1
-6
-20
0
-2
-13
8
-8
5
35
-5
-2
23
13
4
9
6
15
-16
21
4
-22
3
14
20
36
-3
28
-8
-11
-5
34
-10
54
-1
24
7
-29
-24
24
49
11
31
33
-16
-25
-26
32
-6
-6
-4
-9
-9
-24
-9
17
-3
-12
5
1
17
29
-4
-13
-35
-16
-9
-7
-4
-3
20
13
15
-11
-10
-17
24
-7
-18
-23
13
-12
-25
-24
-1
-24
-37
24
10
-7
29
15
43
3
18
-30
-12
-8
-13
-24
18
-8
-13
14
22
-6
17
6
30
-14
20
-12
-3
-19
-17
-1
33
-10
2
-16
-40
3
-10
-4
14
-11
5
-6
-10
18
-2
4
-14
-20
-22
-33
21
5
13
10
9
-5
-24
10
11
-1
-26
-4
-8
-11
-10
-6
-9
2
22
-2
7
26
-3
-7
0
15
-12
20
19
-22
-15
-27
5
-10
-1
5
0
-2
-20
22
16
34
-23
23
-6
-32
-7
14
31
17
16
31
-11
-19
-17
16
31
16
-41
28
-43
-28
12
25
17
42
-7
25
-8
-8
-1
9
30
4
-36
8
-62
-5
12
1
32
45
-7
13
13
23
8
-2
16
6
-28
9
-64
-17
21
11
34
45
-20
21
9
28
3
3
9
-5
-24
11
-45
-28
14
9
20
38
-21
18
26
17
-3
-6
-4
-15
-26
-2
-37
-26
18
15
23
35
-18
15
43
11
7
-20
-3
-20
-27
-15
-21
-13
18
-7
11
30
-7
-9
48
18
8
-24
-3
-26
-23
-18
-21
-6
10
-25
6
26
-13
-24
48
32
3
-19
-5
-25
-28
-12
-23
-20
7
-23
6
20
-23
-22
46
31
-4
-18
-11
-21
-27
-6
-3
-19
10
-17
-2
23
-16
-22
36
11
-6
-9
-2
-11
-17
8
5
-26
-4
1
1
29
-7
-3
24
-1
-7
10
-12
22
4
10
18
-17
-32
9
27
7
26
10
15
-12
-18
18
-7
4
5
-2
16
-16
-2
47
2
-12
9
6
-1
20
16
1
-22
1
1
11
7
9
7
-20
17
-14
1
-38
2
10
-34
12
-1
4
0
-8
13
13
-25
16
8
-15
37
-27
8
20
-14
-10
-7
7
9
-6
12
-1
-21
-4
17
-14
22
-7
5
-1
-17
0
-27
5
3
22
63
-12
11
36
-16
-11
-11
4
3
-42
19
-23
-4
23
5
9
12
-18
-32
-4
29
-9
22
1
4
3
-1
5
-1
3
-18
-11
19
-14
6
43
7
3
18
5
2
16
10
-2
-8
18
-16
16
15
-33
5
15
11
-6
-3
2
-9
0
-17
18
-21
21
-3
6
-1
-26
-3
15
25
-3
13
3
22
5
-28
0
16
-12
-23
-11
-1
-24
15
11
-5
22
-4
15
21
11
18
-5
5
-14
-28
-3
-24
-21
26
5
12
32
-25
-3
17
28
3
-1
0
-12
-20
0
-22
-18
26
9
18
34
-24
0
23
23
4
1
0
-4
-21
3
-21
-22
14
2
23
31
-11
4
31
9
-6
-3
-10
-15
-23
-7
-13
-21
17
2
9
26
-15
-3
45
13
3
-20
-5
-18
-20
-16
1
-7
17
-20
4
24
-9
-12
42
10
2
-9
-1
-15
-16
-7
0
-10
7
-26
5
23
-15
-14
29
12
-9
7
-3
-13
-19
-1
4
-19
5
-21
4
17
-18
-14
27
10
-13
7
-10
-14
-20
-2
8
-20
13
-17
-3
18
-19
-14
31
2
-10
-1
-12
-13
-14
3
18
-19
6
-3
-7
16
-14
-7
26
0
0
2
-14
7
5
1
22
-10
-23
-2
11
0
15
-5
22
-1
-14
9
-17
1
7
-10
28
7
13
12
-1
-19
12
9
13
6
20
-6
16
-1
-5
14
5
0
17
8
2
10
-6
20
-29
3
2
25
-1
19
14
0
18
-12
-28
-9
8
-4
25
5
-6
9
-3
17
18
29
-10
2
-28
-26
3
-12
37
5
13
14
-26
22
-14
28
-28
16
-12
5
46
-11
23
5
-4
-8
7
-23
2
-18
6
-11
-17
19
3
-4
16
-6
-10
-34
22
-21
19
-29
9
7
-20
6
5
21
-8
-15
25
-15
-15
25
23
-12
44
13
9
8
-9
5
0
7
-19
12
39
-28
5
30
-9
2
-2
4
4
-7
4
4
-30
23
2
-7
27
-4
-1
-15
38
-8
26
-14
38
-5
-28
4
-4
9
-9
-20
28
-13
-12
20
6
-7
44
-3
38
7
1
-22
-26
-4
-6
-15
27
-1
-1
14
2
1
15
-23
44
-5
-5
-26
-11
-8
-4
-17
17
5
-8
-10
3
2
11
-26
45
10
-2
-23
-14
-8
-4
-20
18
6
-4
-10
5
-1
11
-23
51
8
-2
-25
-15
-9
-4
-20
27
4
-5
-5
0
0
10
-22
50
6
3
-24
-18
-6
0
-19
34
7
-11
-13
4
-3
12
-25
45
0
1
-17
-14
-6
0
-14
34
3
-12
-9
2
-3
9
-22
38
1
-2
-8
-17
-8
-4
-13
31
5
-12
-6
3
-5
5
-28
42
5
-6
-12
-21
-9
-5
-16
31
3
-5
0
1
-4
6
-24
48
0
-3
-22
-18
-4
-1
-13
34
-3
-13
-6
0
-11
8
-16
45
7
3
-17
-21
11
22
-5
47
-3
-27
0
7
-20
16
-5
28
-6
0
-3
-26
-6
2
-8
-9
-3
30
-11
12
-13
-15
-12
-8
22
6
-2
23
-41
-11
-10
14
8
-18
14
-44
-5
4
-4
23
30
42
-41
-25
18
17
2
34
-7
-22
-29
4
-9
17
-3
16
-27
-10
-9
9
25
4
1
4
-21
5
15
23
0
17
25
-13
0
5
1
-20
4
17
11
47
-18
0
6
-2
-16
-21
-4
-8
-6
9
9
-23
-1
5
9
14
-21
-2
-22
11
-16
-32
-25
-5
9
-27
16
-4
16
0
-3
2
-21
-22
2
18
-12
27
-6
-1
11
-19
1
-1
-16
-2
5
39
-25
-23
12
-22
-17
-12
-3
28
7
5
-15
-13
0
1
-6
13
-13
-3
-17
16
-4
-7
-5
19
-1
-16
-1
-14
13
3
1
16
-24
-15
11
12
-12
10
1
13
-8
-21
-10
-34
-6
7
0
15
-27
-16
13
12
-16
-21
-9
20
-12
-18
-15
-26
-17
12
-12
9
-13
-23
2
7
-11
-15
-23
24
4
-13
-12
-29
-11
14
-11
18
-10
-25
-3
9
-12
-7
-26
22
-3
-16
-6
-29
-10
15
-8
21
-13
-25
-1
7
-11
-11
-23
21
-5
-16
-2
-29
-10
14
-7
23
-13
-25
-1
7
-12
-12
-23
20
-5
-19
-1
-30
-8
14
-5
24
-14
-25
2
7
-13
-8
-22
18
-6
-18
-1
-27
-10
13
-5
23
-13
-27
3
5
-13
-9
-24
22
-4
-22
-3
-30
-6
12
-4
24
-16
-23
-1
7
-13
-8
-22
21
-5
-22
-1
-19
-14
7
-2
7
-22
-25
-7
4
-18
-19
-23
24
19
-25
-2
-22
11
19
7
34
-9
-38
-4
11
-19
6
-19
15
-3
-20
8
