0.028802977775662483
0.373969740177162
0.728399898711354
0.7976017233079783
0.8184579712898254
0.8392541642633481
0.8465530937650116
0.8507636625444612
0.865445914229211
0.8843124257591412
0.8891300209994338
0.8795479666655682
0.882753449625738
0.8882992788227426
0.894481523472118
0.8969148240040822
0.9004324052936041
0.8847937201570706
0.8839276480806277
0.8893140401377546
0.8976650966324246
0.8799926442232066
0.889427197078644
0.8857203958709506
0.8830585022012644
0.8945100801415787
0.8954157580676321
0.8768742168389786
0.872941384996251
0.8830172470539025
0.8803506786031843
0.8775979204708731
0.8840120313652302
0.8806594221689894
0.8759482913661877
0.8782172409375509
0.8787919775636982
0.8705664261245867
0.8813025661604348
0.8813805451082267
0.8781740737070545
0.8856411764895884
0.879343017272317
0.8796225436418674
0.8790779754312298
0.8824070693091745
0.8845590882740796
0.8790102958380512
0.8857041967769919
0.8902829496076158
