0.004355808837542578
0.008181712245832118
0.002246062401921768
0.010153433199954237
0.06352436275734841
0.3376744032300869
0.5294212427242724
0.5945650145331873
0.5898418437289431
0.5744662361375387
0.5629653536291461
0.6077400675681286
0.5908220451006917
0.644474472399812
0.6155101236533185
0.6021605960543943
0.6214176623659547
0.6376782186415899
0.6182970861840568
0.646768101567507
0.6308188214392951
0.6378669608469583
0.5945567171015109
0.6419002268234475
0.5834758094269136
0.6088679576616929
0.6118128186049263
0.5730517857658459
0.6020364532756399
0.5773094481218799
0.5885534078126327
0.6169055989275882
0.5993590241171893
0.590064798284441
0.5701062525360451
0.5862770761084105
0.5832853565060608
0.578974485511412
0.5704088755438662
0.5805613266249018
0.5789470986606393
0.5770980918808678
0.5785320339129039
0.5787772423335156
0.5787772423335156
0.5786686671864993
0.5782598916445402
0.578270701113143
0.5784229447028867
0.5784229447028867
