0.027919267899587142
0.017513203656196467
0.661044905491463
0.765646285151511
0.8012961082656397
0.8456859716123318
0.8772590270021512
0.8617258840636595
0.8772427733286011
0.8739526271459669
0.8634318831289594
0.8877861161051053
0.8887763697623602
0.8805503026626832
0.8972591568494068
0.8848666319673767
0.8824700198422482
0.9006547363658749
0.9037630996731782
0.901612745559534
0.9050197096027961
0.8825537868379271
0.9068531485814629
0.8903583578021642
0.8889712697246007
0.8920019397936991
0.8849224419207057
0.8861429849627703
