1 0.637695 0.772328 0.093750 0.109810
0 0.055176 0.445827 0.055664 0.115666
0 0.271484 0.548316 0.062500 0.101025
0 0.468750 0.456076 0.060547 0.121523
0 0.607910 0.344070 0.084961 0.166911
0 0.881836 0.510981 0.041016 0.146413
1 0.054199 0.607613 0.065430 0.079063
1 0.107910 0.613470 0.049805 0.076135
1 0.379395 0.851391 0.055664 0.121523
1 0.381836 0.773060 0.056641 0.087848
1 0.570801 0.694729 0.047852 0.033675
1 0.562500 0.868960 0.025391 0.051245
1 0.768555 0.795022 0.048828 0.084919
2 0.684570 0.602489 0.318359 0.795022
2 0.871582 0.659590 0.256836 0.680820
2 0.465332 0.667643 0.239258 0.641288
2 0.261719 0.690337 0.285156 0.619327
2 0.082031 0.669839 0.160156 0.660322
