2 0.090820 0.755132 0.179688 0.469208
2 0.254883 0.725806 0.173828 0.381232
2 0.479492 0.742669 0.167969 0.394428
2 0.608887 0.693548 0.118164 0.284457
2 0.719727 0.718475 0.083984 0.296188
2 0.862305 0.670088 0.123047 0.222874
2 0.953125 0.706745 0.091797 0.322581
2 0.949219 0.662757 0.072266 0.199413
0 0.251465 0.587243 0.040039 0.071848
0 0.090332 0.579912 0.028320 0.071848
0 0.496582 0.590176 0.032227 0.080645
0 0.631348 0.604106 0.036133 0.067449
0 0.731445 0.604839 0.027344 0.060117
0 0.857910 0.601173 0.034180 0.052786
0 0.961426 0.592375 0.032227 0.049853
1 0.117676 0.685484 0.030273 0.039589
1 0.143555 0.693548 0.023438 0.035191
1 0.287109 0.673021 0.039062 0.035191
1 0.302246 0.679619 0.024414 0.039589
1 0.523438 0.716276 0.033203 0.051320
1 0.655273 0.760264 0.037109 0.039589
1 0.685059 0.755865 0.028320 0.036657
1 0.758301 0.739003 0.028320 0.029326
1 0.771484 0.738270 0.023438 0.036657
1 0.903320 0.728006 0.031250 0.036657
1 0.987793 0.719941 0.024414 0.038123
