0 0.259766 0.680820 0.029297 0.061493
0 0.118652 0.638360 0.034180 0.055637
0 0.502930 0.374817 0.072266 0.090776
1 0.484863 0.740117 0.092773 0.103953
1 0.234863 0.754758 0.032227 0.045388
1 0.113770 0.731332 0.026367 0.039531
1 0.110352 0.722548 0.023438 0.057101
1 0.376953 0.735725 0.009766 0.021962
1 0.646484 0.696193 0.037109 0.077599
1 0.558105 0.685944 0.040039 0.077599
1 0.691406 0.685212 0.054688 0.058565
1 0.872559 0.665447 0.024414 0.036603
1 0.310059 0.658858 0.032227 0.046852
1 0.988281 0.557101 0.011719 0.039531
1 0.958008 0.548316 0.017578 0.033675
2 0.473633 0.632504 0.250000 0.734993
2 0.758301 0.730600 0.262695 0.535871
2 0.116211 0.767936 0.136719 0.344070
2 0.241699 0.770132 0.106445 0.316252
2 0.327637 0.595168 0.084961 0.238653
2 0.895996 0.579795 0.086914 0.248902
2 0.310059 0.777452 0.100586 0.445095
0 0.249023 0.448755 0.025391 0.045388
2 0.236816 0.565154 0.075195 0.298682
0 0.337891 0.514641 0.021484 0.033675
2 0.651855 0.527818 0.069336 0.185944
2 0.967773 0.653001 0.064453 0.389458
2 0.656250 0.788433 0.162109 0.338214
0 0.650879 0.470717 0.026367 0.045388
0 0.899414 0.489751 0.027344 0.036603
0 0.979004 0.500000 0.026367 0.033675
