2 0.145833 0.382812 0.166667 0.466146
2 0.294922 0.378255 0.157552 0.363281
2 0.491536 0.444010 0.238281 0.307292
2 0.674479 0.388021 0.036458 0.153646
2 0.793620 0.533854 0.196615 0.497396
2 0.739583 0.376953 0.052083 0.095052
0 0.524740 0.324870 0.031250 0.042969
0 0.795573 0.343750 0.049479 0.059896
0 0.141276 0.204427 0.042969 0.049479
0 0.304688 0.231120 0.039062 0.048177
0 0.742839 0.336589 0.016927 0.024740
1 0.711589 0.544271 0.027344 0.031250
1 0.813802 0.355469 0.046875 0.041667
1 0.559245 0.339193 0.029948 0.027344
1 0.237630 0.345052 0.032552 0.023438
1 0.126302 0.365885 0.054688 0.036458
1 0.348958 0.270182 0.031250 0.022135
