0 0.805664 0.407552 0.054688 0.098958
0 0.354492 0.222656 0.068359 0.106771
2 0.669922 0.806641 0.412109 0.386719
2 0.105469 0.500000 0.208984 0.997396
2 0.325195 0.531250 0.181641 0.872396
2 0.788086 0.466797 0.181641 0.332031
2 0.232422 0.195312 0.042969 0.143229
0 0.090820 0.401693 0.115234 0.305990
2 0.626465 0.256510 0.083008 0.335938
2 0.686035 0.238932 0.061523 0.251302
2 0.755859 0.200521 0.056641 0.197917
2 0.574219 0.177734 0.052734 0.186198
0 0.572754 0.100911 0.014648 0.024740
2 0.820312 0.164062 0.037109 0.156250
2 0.546387 0.212240 0.041992 0.208333
