0 0.578014 0.202637 0.075988 0.104492
0 0.230496 0.093262 0.039514 0.053711
0 0.644377 0.090820 0.040527 0.054688
0 0.385005 0.061523 0.056738 0.072266
0 0.088146 0.069824 0.036474 0.051758
0 0.472138 0.057617 0.060790 0.072266
0 0.817123 0.036621 0.065856 0.071289
1 0.812563 0.522461 0.056738 0.070312
1 0.721884 0.418945 0.116515 0.078125
1 0.374367 0.425781 0.053698 0.050781
1 0.007092 0.358887 0.012158 0.073242
1 0.297366 0.293457 0.051672 0.063477
2 0.373860 0.561035 0.743668 0.713867
2 0.791287 0.339355 0.417427 0.676758
2 0.107396 0.290527 0.172239 0.512695
2 0.227457 0.277832 0.173252 0.463867
2 0.372847 0.242188 0.184397 0.474609
2 0.411854 0.507324 0.803445 0.774414
