2 0.863281 0.825769 0.226562 0.345534
2 0.131836 0.808931 0.167969 0.150805
2 0.202637 0.767204 0.163086 0.117130
2 0.298340 0.665447 0.053711 0.235725
2 0.369141 0.726940 0.066406 0.098097
2 0.457520 0.665447 0.045898 0.150805
2 0.839844 0.576867 0.132812 0.327965
2 0.910156 0.661786 0.046875 0.140556
2 0.087402 0.655930 0.102539 0.084919
2 0.102051 0.563690 0.030273 0.117130
2 0.565430 0.586384 0.027344 0.103953
2 0.604492 0.591508 0.023438 0.093704
2 0.145020 0.557101 0.030273 0.080527
2 0.199219 0.631772 0.064453 0.112738
2 0.208984 0.617130 0.046875 0.095168
2 0.167480 0.638360 0.051758 0.114202
2 0.400879 0.595168 0.026367 0.106881
2 0.422852 0.622255 0.027344 0.137628
0 0.845703 0.453148 0.017578 0.042460
0 0.458496 0.603221 0.012695 0.023426
0 0.396973 0.696193 0.014648 0.027818
0 0.835938 0.700586 0.033203 0.065886
0 0.308105 0.568814 0.014648 0.024890
0 0.160645 0.721816 0.026367 0.023426
0 0.104004 0.734261 0.016602 0.033675
0 0.177734 0.587116 0.013672 0.017570
0 0.202637 0.578331 0.012695 0.017570
0 0.151855 0.587848 0.012695 0.019034
