0 0.014648 0.661504 0.027344 0.084071
0 0.894531 0.381268 0.052734 0.119469
0 0.735840 0.362832 0.024414 0.056047
0 0.884277 0.296460 0.022461 0.035398
1 0.159180 0.910029 0.042969 0.067847
1 0.156250 0.617994 0.062500 0.085546
1 0.516602 0.623894 0.023438 0.056047
1 0.857422 0.575221 0.039062 0.050147
1 0.858887 0.531711 0.036133 0.057522
1 0.519043 0.493363 0.024414 0.054572
1 0.723145 0.398968 0.024414 0.051622
2 0.629883 0.844395 0.310547 0.311209
2 0.376465 0.764749 0.270508 0.470501
2 0.103516 0.781711 0.205078 0.427729
2 0.780273 0.710914 0.248047 0.578171
2 0.469238 0.632006 0.112305 0.314159
2 0.672363 0.543510 0.131836 0.379056
2 0.583984 0.607670 0.121094 0.233038
2 0.561035 0.533186 0.108398 0.281711
2 0.773926 0.404867 0.116211 0.193215
2 0.290527 0.768437 0.137695 0.463127
2 0.912598 0.652655 0.174805 0.694690
