0.030831107672312525
0.49055779542675393
0.8600140830114645
0.9386782281976808
0.9625728575617145
0.9772227435477661
0.9764076972418488
0.955476391937712
0.9878441093206602
0.9804971983364905
0.9792585415815516
0.9903687587724113
0.9849982838597742
0.9898755463119204
0.9904807391125396
0.9952426150214028
0.9798042987428457
0.9797699152369366
0.9848058331160807
0.984788351499198
0.985558874543732
0.9797232979844887
0.9795400700556259
0.9794762758008433
0.9794249482028192
0.9796283579382858
0.9741460196888869
0.9798015767803195
0.974644306373006
