0.026266721626577696
0.6380875015546211
0.7877842693781065
0.8243125558940938
0.8357412300048344
0.8530335726670808
0.8598997929727339
0.8560764736744441
0.8657118778257671
0.872665337557275
0.8822522768026609
0.8761164480030481
0.8722004570076392
0.8864237642076215
0.883801647816792
0.8884839608172387
0.8866358586817684
0.9008387236357961
0.8979015210708982
0.8979951582986718
0.8914667526019886
0.9031348601572254
0.8967333087433527
0.8985200575620637
0.9054724450276359
0.9134785758755039
0.8974468300660126
0.902572456149429
0.9118490049900774
0.900375795949166
0.8961561737133239
0.9016630821789507
0.9018869825711447
0.8998459036609993
0.898073585565137
0.9122120244601102
0.9006963758399386
0.9015726912569639
0.8983209109173559
0.902559152383094
0.900838568337842
0.9122102587159246
0.9018939659364774
0.9111555054640473
0.9041587007366624
0.9045043329867604
0.9036616663813736
0.9042367083901095
0.9040557984614055
0.9039686859972333
