0.03696658212941885
0.00785565799902364
0.5463499213124705
0.7916431817651449
0.8449167587654761
0.8729021537979087
0.8910638293825334
0.8932592600866706
0.9053753641369596
0.9052080525751952
0.923632947360703
0.9318431416843919
0.9276796810179617
0.9233094185414868
0.9293052046989525
0.9326791013600001
0.9378107261269433
0.9363739503748159
0.9343500266199429
0.9400046381520474
0.9229178298218306
0.9349782424737839
0.9276160917235757
0.9246161080252755
0.9245631445639029
0.9174316896467628
0.9301471677414204
0.9218722584040278
0.918589274146568
0.9278423796392912
0.9185991401588937
0.9299538206048048
0.9202470017335965
0.9190257848067528
0.9192159766017605
0.9203109549250148
0.9235171319963074
0.9202750074058524
0.9202968875019185
0.9226258098125503
0.9223457465943405
0.923811094405059
0.9234713458880691
0.9237508170504816
0.9188562558962289
0.9222003239258642
0.9222226961670603
0.9222268659147014
0.9222471488429772
0.9221961988834144
