0.007094396839599009
0.004243789232578267
0.005848742287644048
0.010845156540552146
0.003058750196983385
0.005154421434125728
0.005020529477170751
0.03918199671250565
0.20035150701720603
0.3811652874003111
0.47642385182041186
0.5775549023188433
0.6723104778947508
0.6709130522800765
0.6396037083458465
0.6894251953204884
0.6561151985851165
0.6121337638835639
0.6260932615547031
0.6583966639957904
0.6323543295664699
0.6545473458618151
0.6381272333195005
0.6644345259550728
0.6317535364103992
0.6749100887560141
0.6781369952273147
0.6769804293496154
0.6884603700952654
0.6538014837485933
0.676365360755375
0.6531023557416504
0.6516766476611189
0.6849460164778162
0.666825200759908
0.6584685894349454
0.6424564866098889
0.6482894322630349
0.6476356239830843
0.6472006434915918
0.6484183104729825
0.6589451969299884
0.6425995123512839
0.6428288844087753
0.6605304754486225
0.6486310155402196
0.648520648347482
0.6483341762672592
0.6499700762745574
0.6486170111916049
