0.049413029782454584
0.020108867229146097
0.6768625102743709
0.7784370132005947
0.8142212652601116
0.808790701214982
0.8142273402061482
0.8346057626596243
0.8386039238991382
0.8353723291258496
0.8496120559253912
0.862770093907515
0.8569419407423406
0.8583641344784535
0.8442204614295156
0.8479053303721638
0.8531538224685126
0.8530839017316892
0.8550404853375798
0.8636302524865739
0.8602688879224941
0.8577926241212213
0.8593160222342626
0.8627382086827621
0.8591735368457905
0.85994207090561
0.870257106021857
0.8699390185643985
0.8654185955207478
0.8592009524515434
0.8702712224957495
0.8720663233081769
0.8685248613950574
0.8678915234364343
0.8757456968730407
0.8731258192750218
0.8708627349470164
0.8683377845145832
0.8746050634651821
0.8716790895242452
0.8726873534815748
0.8734056401536131
0.8722699557986255
0.8725606593943972
0.8721169878903875
0.8718905135444432
0.8750378550372471
0.8716649671284922
0.8717496037071569
0.8717148029383852
