0.007040961688809041
0.008485467184019168
0.008475129158938265
0.015346827535480717
0.341653930261523
0.43452451123252156
0.5394375571038086
0.5923392625755548
0.6100211124724289
0.6707524579479978
0.697136437252751
0.7045388882604015
0.6874906201242308
0.6924832643387773
0.7027418574312256
0.7118761208746307
0.7035682784694639
0.6966811205293209
0.7176883922364641
0.7055783210663313
0.6992697421511447
0.7300275116571509
0.6733532616786382
0.7033267536993162
0.6672455941365953
0.6832285661952653
0.6769160190415022
0.6776602428127603
0.6734253116612028
0.6625352308711197
0.6737336303819297
0.6760038367621002
0.6839453009505755
0.6924946356110022
0.6805806699424939
0.6865473243652247
0.6834829363444341
0.6852921666517778
0.6904784908940822
0.687110588910461
0.6776082960059686
0.6904304201698555
0.6810305054833162
0.6789436236240167
0.6803819025140149
0.6799004740163423
0.6857795325293332
0.6814179115886185
0.6857835299538912
0.6852710082151355
