0.009007672075150821
0.01803041077194126
0.029223437226912587
0.03387852506989333
0.03886408995648023
0.08689134819174872
0.8507527913227436
0.990226599896097
0.9929011191299821
0.9890116895207073
0.9965366145745441
0.9964093281571762
1.0
0.9962784484091591
0.9966660455899202
0.9961993384342888
0.9963727195055475
0.9999833419399977
0.9960381287473483
0.9999417677570678
0.9999916709699989
0.9999751561024893
0.9999418399824848
0.999958498042487
0.9999833898079862
0.9999668030001471
0.9999751561024893
0.9999750367056439
0.9999669694467382
0.9999833419399977
0.9999833419399977
0.9999833419399977
0.9999668030001471
0.9999668030001471
0.9999750367056439
0.9999750367056439
0.9999833419399977
0.9999833419399977
0.9999833419399977
0.9999833898079862
0.9999833419399977
0.9999833419399977
0.9999666838799954
0.9999833419399977
0.9999833419399977
0.9999833419399977
0.9999750129099966
0.9999583305009594
0.9999833419399977
0.9999833419399977
