0.013099003047101206
0.03129500310791578
0.044967490408110114
0.2373425141913414
0.7588702589048456
0.9928805118817082
0.9934967724312048
0.9950855510896273
0.9958345778531519
0.9961741380286763
0.9969593621426275
0.9969936606561759
0.9971098265895953
0.9970276207042219
0.9971098265895953
0.9971014734872531
0.9971098265895953
0.9970599960135539
0.9970849113015746
0.9971014734872531
0.9971098265895953
0.9964499315045566
0.9971098265895953
0.9971098265895953
0.9971098265895953
0.9971098265895953
0.9971098265895953
0.9971098265895953
0.9971098265895953
0.9971098265895953
0.9971098265895953
0.9971098265895953
0.9971098265895953
0.9971098265895953
0.9971098265895953
0.9971098265895953
0.9971098265895953
0.9971098265895953
0.9971098265895953
0.9971098265895953
0.9971014734872531
0.9916310630811728
0.9916310630811728
0.9971098265895953
0.9971098265895953
0.9916310630811728
0.9916310630811728
0.9916310630811728
0.9971098265895953
0.9916310630811728
